14 13 0 16 2
1 33.796000 1.461477 0.335685 1.039937 5.546843 0.512197 0.500000 Trunk
2 5.508000 0.125793 0.009321 1.280038 2.679100 0.305299 0.500000 Head
3 1.904000 0.024812 0.189504 1.063627 4.998139 0.354517 0.436000 Right-arm
4 1.088000 0.007296 0.220626 0.772256 4.531601 0.270255 0.430000 Right-forearm
5 1.904000 0.022048 0.184825 1.071508 4.982577 0.334190 0.436000 Left-arm
6 1.088000 0.006892 0.225483 0.764640 4.594667 0.262673 0.430000 Left-forearm
7 6.800000 0.118974 0.434194 0.730973 4.384051 0.409514 0.433000 Right-thigh
8 3.162000 0.052013 0.381189 0.322660 4.843192 0.424685 0.433000 Right-leg
9 0.986000 0.002696 0.362443 0.058173 3.540141 0.110088 0.500000 Right-foot
10 0.328440 0.000910 0.252189 0.033475 3.170416 0.110836 0.500000 Right-phalanges
11 6.800000 0.123033 0.442861 0.725150 4.439990 0.416441 0.433000 Left-thigh
12 3.162000 0.048977 0.380786 0.309944 4.735233 0.412106 0.433000 Left-leg
13 0.986000 0.002802 0.334951 0.050181 3.560924 0.112218 0.500000 Left-foot
14 0.328440 0.000839 0.227594 0.029303 3.079413 0.106413 0.500000 Left-phalanges
1 1 2 -0.256099 0.000000 -0.152650 0.000000
2 1 3 -0.256099 0.000000 -0.154569 0.000000
3 3 4 0.199948 0.000000 -0.116210 0.000000
4 1 5 -0.256099 0.000000 -0.145707 0.000000
5 5 6 0.188483 0.000000 -0.112949 0.000000
6 1 7 0.256099 0.000000 -0.177320 0.000000
7 7 8 0.232195 0.000000 -0.183889 0.000000
8 8 9 0.240797 0.000000 -0.055044 0.000000
9 9 10 0.055044 0.000000 -0.055418 0.000000
10 1 11 0.256099 0.000000 -0.180319 0.000000
11 11 12 0.236122 0.000000 -0.178442 0.000000
12 12 13 0.233664 0.000000 -0.056109 0.000000
13 13 14 0.056109 0.000000 -0.053206 0.000000
1 3 1 3 2 3 1
2 3 1 3 3 3 2
3 3 3 3 4 3 3
4 3 1 3 5 3 4
5 3 5 3 6 3 5
6 3 1 3 7 3 6
7 3 7 3 8 3 7
8 3 8 3 9 3 8
9 3 9 3 10 3 9
10 3 1 3 11 3 10
11 3 11 3 12 3 11
12 3 12 3 13 3 12
13 3 13 3 14 3 13
14 1 1 1 0 0 14
15 1 1 2 0 0 15
16 1 1 3 0 0 16
1 9 10 0.055044 0.000000 -0.055418 0.000000 1
2 13 14 0.056109 0.000000 -0.053206 0.000000 2
0.000000 0.010000 15.600000
1
