0 -13.742106 578.12296 0.37545153 0
0.01 -14.224106 560.91082 0.37485733 0
0.02 -14.463021 541.92331 0.37411213 0
0.03 -14.234684 520.20072 0.37297444 0
0.04 -13.472848 494.84441 0.37121921 0
0.05 -12.440528 464.27153 0.36864588 0
0.06 -11.725609 427.4916 0.36506944 0
0.07 -11.828269 386.35036 0.36031658 0
0.08 -12.596207 344.97552 0.35424222 0
0.09 -13.179795 306.62295 0.34675971 0
0.1 -12.682507 272.01871 0.33788463 0
0.11 -10.926717 240.56776 0.32778666 0
0.12 -8.5683518 211.99315 0.31681894 0
0.13 -6.4896417 186.67753 0.30549664 0
0.14 -5.2029768 165.12364 0.29442009 0
0.15 -4.7588045 147.42173 0.28416751 0
0.16 -4.9634557 133.17459 0.27519814 0
0.17 -5.5757281 121.67833 0.26778879 0
0.18 -6.3885738 112.0634 0.26200684 0
0.19 -7.3127513 103.49675 0.25772564 0
0.2 -8.4308552 95.489714 0.25468282 0
0.21 -9.7416497 88.126642 0.25256235 0
0.22 -10.881514 81.887119 0.25107177 0
0.23 -11.436141 77.089395 0.24999447 0
0.24 -11.41062 73.618437 0.2492013 0
0.25 -11.105536 71.27447 0.24862803 0
0.26 -10.708679 70.196962 0.24825235 0
0.27 -10.159659 70.744229 0.24807776 0
0.28 -9.245696 73.118911 0.24811074 0
0.29 -7.8490565 77.372638 0.24834585 0
0.3 -6.2807735 83.563667 0.24877088 0
0.31 -5.2325337 91.729997 0.24936973 0
0.32 -5.1515078 101.93668 0.25011579 0
0.33 -5.6837628 114.31073 0.25098024 0
0.34 -5.8644359 128.80194 0.25196756 0
0.35 -4.9338981 144.94975 0.25316218 0
0.36 -3.0529843 161.96969 0.25475343 0
0.37 -1.2798427 179.15698 0.25701219 0
0.38 -0.77571461 196.52901 0.26020658 0
0.39 -1.8218119 215.25961 0.26446971 0
0.4 -3.513345 236.59324 0.26968544 0
0.41 -4.5974477 258.93149 0.27548009 0
0.42 -4.542276 276.77984 0.28136969 0
0.43 -3.493196 285.37662 0.28701017 0
0.44 -1.6100397 286.76391 0.29235888 0
0.45 0.87903304 289.1729 0.29757065 0
0.46 3.2691976 299.66414 0.30270821 0
0.47 4.9213937 317.82451 0.30756247 0
0.48 6.2572796 336.98815 0.31176261 0
0.49 8.1574491 351.12354 0.31504011 0
0.5 10.272826 359.47034 0.31738608 0
0.51 11.162506 365.14212 0.31901189 0
0.52 10.120035 370.70209 0.32021534 0
0.53 7.9108434 375.82684 0.32128232 0
0.54 5.8534522 379.30311 0.32245931 0
0.55 4.7338029 381.23202 0.32394287 0
0.56 4.397119 382.06036 0.32585174 0
0.57 4.017551 381.9646 0.32820406 0
0.58 2.951038 382.20821 0.33091911 0
0.59 1.5031078 384.81628 0.33384242 0
0.6 0.61773867 390.73674 0.33679527 0
0.61 0.83171274 399.65117 0.33963254 0
0.62 1.794128 410.49575 0.34227165 0
0.63 2.7337324 421.54135 0.34468301 0
0.64 3.1891309 430.97311 0.34687035 0
0.65 3.1775655 437.41954 0.34885921 0
0.66 2.8273103 440.4967 0.3506825 0
0.67 2.2100634 441.43409 0.35235442 0
0.68 1.4136729 441.90598 0.3538452 0
0.69 0.43953697 442.41368 0.35507238 0
0.7 -0.81192167 442.91961 0.35592076 0
0.71 -2.2202331 443.85736 0.35629081 0
0.72 -3.343642 445.52186 0.35614633 0
0.73 -3.8142979 447.22314 0.35552621 0
0.74 -3.6023044 447.71255 0.35452497 0
0.75 -2.829708 446.48609 0.35327138 0
0.76 -1.5618923 444.22135 0.3519172 0
0.77 0.10087825 442.05773 0.35062711 0
0.78 1.7890425 440.93367 0.34955679 0
0.79 2.9190336 441.03122 0.34882047 0
0.8 3.160681 441.54637 0.34846961 0
0.81 2.7185756 441.30213 0.3484997 0
0.82 2.0022229 439.54629 0.34887516 0
0.83 1.2246234 436.54181 0.34955308 0
0.84 0.459599 433.52637 0.35049188 0
0.85 -0.13401402 431.73578 0.35164222 0
0.86 -0.34425532 431.66003 0.35293226 0
0.87 -0.12888964 433.00857 0.35426194 0
0.88 0.24541838 434.78868 0.35551049 0
0.89 0.33751359 435.84957 0.35655247 0
0.9 -0.034864609 435.69963 0.35727725 0
0.91 -0.51056521 434.44685 0.35761277 0
0.92 -0.61975387 432.30027 0.35753975 0
0.93 -0.42696386 429.60845 0.35707114 0
0.94 -0.33556779 426.97958 0.35620268 0
0.95 -0.4180833 424.99272 0.35486965 0
0.96 -0.3097236 423.81995 0.35294042 0
0.97 0.45226831 423.38889 0.35026056 0
0.98 2.2046831 423.99441 0.34672925 0
0.99 5.122234 425.95375 0.34237016 0
1 9.0503022 428.51914 0.33736277 0
1.01 13.149783 430.41842 0.33200807 0
1.02 16.217008 431.40969 0.32663467 0
1.03 17.752212 432.04335 0.32149943 0
1.04 18.256803 432.52202 0.31673431 0
1.05 18.417503 432.74479 0.3123483 0
1.06 18.526315 432.62257 0.30826738 0
1.07 18.631469 432.16067 0.30439232 0
1.08 18.848493 431.72401 0.30065429 0
1.09 19.424429 431.76729 0.29705588 0
1.1 20.411034 432.51221 0.29368179 0
1.11 21.358309 434.06686 0.29065468 0
1.12 21.671405 436.06236 0.28805075 0
1.13 21.224408 437.65412 0.28584533 0
1.14 20.3851 438.39938 0.28393507 0
1.15 19.629923 438.22607 0.28220855 0
1.16 19.269438 436.97228 0.28060843 0
1.17 19.232668 434.9569 0.27914467 0
1.18 19.093131 433.0175 0.27785475 0
1.19 18.632504 431.56001 0.27675664 0
1.2 18.141988 430.54465 0.27583759 0
1.21 17.87597 430.03747 0.27506333 0
1.22 17.747291 430.12813 0.27438169 0
1.23 17.74196 430.7492 0.2737266 0
1.24 17.982997 431.44406 0.27303079 0
1.25 18.392034 431.11668 0.27224777 0
1.26 18.747752 428.71119 0.27138047 0
1.27 18.858356 424.3769 0.27049335 0
1.28 18.536018 419.59443 0.26968254 0
1.29 17.787994 416.05293 0.26901966 0
1.3 17.006771 414.4473 0.26851612 0
1.31 16.614328 414.37719 0.26813005 0
1.32 16.641546 415.18035 0.26779425 0
1.33 16.886482 416.40752 0.26743886 0
1.34 17.229817 417.64575 0.26700845 0
1.35 17.57707 418.51483 0.26647851 0
1.36 17.781581 418.8791 0.26586153 0
1.37 17.849127 418.7886 0.26519925 0
1.38 17.938576 418.20131 0.26455282 0
1.39 18.043737 416.83439 0.26399503 0
1.4 17.963734 414.60424 0.26359793 0
1.41 17.546039 412.21148 0.26340889 0
1.42 16.764168 410.56158 0.26342541 0
1.43 15.737133 409.69583 0.26359636 0
1.44 14.750518 409.00241 0.26385593 0
1.45 14.123835 408.19575 0.26416271 0
1.46 14.070021 407.69051 0.26451574 0
1.47 14.568588 408.02554 0.26494269 0
1.48 15.227591 408.86814 0.26547367 0
1.49 15.470356 409.01638 0.26612356 0
1.5 14.961716 407.54703 0.26689419 0
1.51 13.811508 404.42414 0.26778237 0
1.52 12.492546 400.21194 0.26878463 0
1.53 11.511235 395.61464 0.26990239 0
1.54 10.991957 391.07946 0.27114387 0
1.55 10.641697 386.89846 0.27251702 0
1.56 10.157879 383.39824 0.27401835 0
1.57 9.5843985 380.57587 0.27562894 0
1.58 9.2242211 378.06603 0.2773223 0
1.59 9.1863594 375.58511 0.27907124 0
1.6 9.1014912 372.80672 0.28084148 0
1.61 8.4518882 369.03278 0.28258599 0
1.62 7.1317426 363.55679 0.28425835 0
1.63 5.5269341 356.22505 0.28583587 0
1.64 4.1164912 347.67115 0.28732753 0
1.65 3.0741683 339.18819 0.28875496 0
1.66 2.1910417 331.94377 0.29011922 0
1.67 1.2062244 326.21958 0.29138492 0
1.68 0.21280789 321.65875 0.29251124 0
1.69 -0.41413057 317.87108 0.29351904 0
1.7 -0.4493016 314.72449 0.29454096 0
1.71 0.051951343 312.36948 0.2958144 0
1.72 0.90891406 310.69146 0.29762454 0
1.73 1.7785796 308.93566 0.30023096 0
1.74 2.1403068 306.51956 0.30379915 0
1.75 1.58767 303.71754 0.3083331 0
1.76 0.0655889 301.13563 0.31361662 0
1.77 -2.1571706 299.07603 0.31919958 0
1.78 -4.6359 297.36645 0.32446236 0
1.79 -6.8683587 295.33965 0.32876657 0
1.8 -8.3522552 292.10168 0.33165372 0
1.81 -8.7682515 287.16373 0.33299007 0
1.82 -8.2109205 281.04763 0.33297483 0
1.83 -7.1039998 275.10657 0.3320329 0
1.84 -5.8907878 270.44219 0.33066794 0
1.85 -4.8606981 267.24991 0.32933494 0
1.86 -4.1367739 265.23431 0.32836316 0
1.87 -3.7159754 264.00447 0.32792093 0
1.88 -3.5097425 263.07084 0.32800073 0
1.89 -3.2781839 262.08981 0.3284382 0
1.9 -2.6307036 261.20902 0.32898433 0
1.91 -1.3917199 260.87622 0.32940079 0
1.92 0.074777811 261.12 0.329523 0
1.93 1.1537807 261.22147 0.32927269 0
1.94 1.5444905 260.46847 0.32865279 0
1.95 1.4567753 258.94851 0.32775483 0
1.96 1.3124925 257.16466 0.32676011 0
1.97 1.2705445 255.38522 0.32589831 0
1.98 1.0999858 253.91655 0.32537257 0
1.99 0.57750041 253.50761 0.32529926 0
2 -0.10949882 254.89359 0.32568669 0
2.01 -0.4938366 257.98767 0.32643809 0
2.02 -0.32102529 261.78918 0.32737257 0
2.03 0.19885627 265.34745 0.32827131 0
2.04 0.65473473 268.64107 0.32893884 0
2.05 0.88602727 272.01863 0.32925976 0
2.06 1.0495631 275.16075 0.32923167 0
2.07 1.2426824 277.39005 0.32895366 0
2.08 1.3269526 278.74667 0.32857284 0
2.09 1.2521666 280.1847 0.3282248 0
2.1 1.3171303 282.66033 0.32799995 0
2.11 1.9056482 286.20282 0.3279383 0
2.12 2.9929149 290.07811 0.32804383 0
2.13 4.0179308 293.61319 0.32829803 0
2.14 4.3325026 296.65899 0.32865627 0
2.15 3.8160773 299.64291 0.32904978 0
2.16 2.9569837 303.18467 0.32941271 0
2.17 2.2400233 307.41571 0.32970525 0
2.18 1.6291933 311.91128 0.32990495 0
2.19 0.83853613 316.35268 0.32998221 0
2.2 -0.081577002 320.93732 0.32989115 0
2.21 -0.75117007 325.99945 0.32958261 0
2.22 -1.0129321 331.45639 0.32901907 0
2.23 -1.0929443 336.83156 0.32817379 0
2.24 -1.0617684 341.47955 0.32702461 0
2.25 -0.51586756 344.61113 0.32556852 0
2.26 0.91401999 345.76647 0.32385689 0
2.27 2.9852861 345.43277 0.32201614 0
2.28 5.0207972 344.43274 0.32022828 0
2.29 6.4782149 342.87685 0.31868427 0
2.3 7.1625316 340.5348 0.31753812 0
2.31 7.0833858 337.91496 0.31687648 0
2.32 6.3800147 336.27477 0.31670597 0
2.33 5.384299 336.58585 0.31695907 0
2.34 4.5261619 338.83141 0.31751801 0
2.35 4.0554833 342.37336 0.31824869 0
2.36 3.9822 346.52669 0.3190374 0
2.37 4.2282153 350.60959 0.31982251 0
2.38 4.6216656 354.05411 0.32060371 0
2.39 4.8782833 356.67555 0.32142087 0
2.4 4.7919174 358.54626 0.32231851 0
2.41 4.3754948 359.6604 0.32331736 0
2.42 3.805417 359.82316 0.32440463 0
2.43 3.2613287 358.8029 0.32553985 0
2.44 2.7225491 356.53379 0.32666176 0
2.45 2.0061077 353.23479 0.32769184 0
2.46 1.1618549 349.36785 0.32854642 0
2.47 0.59727135 345.41009 0.32916176 0
2.48 0.60872201 341.72758 0.32951585 0
2.49 1.0507847 338.54467 0.32963207 0
2.5 1.6051196 335.83527 0.32956701 0
2.51 2.1245967 333.44365 0.32939346 0
2.52 2.6138469 331.31959 0.32918843 0
2.53 3.0361632 329.41738 0.32902596 0
2.54 3.2519462 327.60949 0.32896681 0
2.55 3.1456546 325.90684 0.32904434 0
2.56 2.7706343 324.52255 0.3292565 0
2.57 2.3283795 323.67024 0.32957319 0
2.58 1.9999999 323.42524 0.32995516 0
2.59 1.8228357 323.66859 0.3303716 0
2.6 1.7326322 324.14217 0.33080775 0
2.61 1.6513649 324.66048 0.33126349 0
2.62 1.5133092 325.15193 0.33174957 0
2.63 1.283173 325.52024 0.33228637 0
2.64 0.96086249 325.70118 0.33290276 0
2.65 0.54410989 325.76102 0.3336283 0
2.66 -0.00046258995 325.81575 0.33447361 0
2.67 -0.6846862 325.93594 0.33540888 0
2.68 -1.3746431 326.07329 0.33636326 0
2.69 -1.7804947 326.04629 0.33725462 0
2.7 -1.6930283 325.69834 0.33803452 0
2.71 -1.2404968 325.05444 0.33872188 0
2.72 -0.77634686 324.25755 0.33940441 0
2.73 -0.5242377 323.50537 0.34020676 0
2.74 -0.50504819 323.05495 0.34124849 0
2.75 -0.73464168 323.05146 0.3426134 0
2.76 -1.3151906 323.53835 0.34432527 0
2.77 -2.3538019 324.72894 0.34632375 0
2.78 -3.8057651 326.79851 0.34846036 0
2.79 -5.3617987 329.40268 0.35053422 0
2.8 -6.554592 331.87184 0.35236036 0
2.81 -7.0877349 333.80752 0.35383609 0
2.82 -7.0755884 335.20363 0.35496619 0
2.83 -6.8851918 336.25076 0.35583844 0
2.84 -6.7557028 337.24657 0.35657559 0
2.85 -6.6721632 338.36496 0.35729285 0
2.86 -6.6047742 339.37433 0.3580696 0
2.87 -6.7377588 339.90918 0.3589314 0
2.88 -7.3268215 340.02311 0.35984212 0
2.89 -8.3380289 340.08951 0.3607069 0
2.9 -9.3427674 340.17817 0.36139238 0
2.91 -9.7722807 340.05557 0.36177274 0
2.92 -9.280354 339.88893 0.36178549 0
2.93 -7.9991337 340.27735 0.36146132 0
2.94 -6.4470738 341.39553 0.3609077 0
2.95 -5.1336999 342.70264 0.36026048 0
2.96 -4.3459961 343.59157 0.35963579 0
2.97 -4.2248589 343.92704 0.35909975 0
2.98 -4.7621462 344.03716 0.35865492 0
2.99 -5.6746762 344.35492 0.35824184 0
3 -6.4482817 344.79575 0.35776105 0
3.01 -6.6092586 344.53597 0.35711526 0
3.02 -5.9935653 342.76915 0.35625044 0
3.03 -4.7986459 339.72302 0.35517822 0
3.04 -3.3658272 336.72908 0.35398037 0
3.05 -1.9356427 334.97703 0.3527929 0
3.06 -0.66842248 334.34832 0.35176806 0
3.07 0.2318397 333.86315 0.35102681 0
3.08 0.58050377 332.90849 0.35061898 0
3.09 0.41605783 331.56147 0.35050429 0
3.1 0.072324428 330.00668 0.35056584 0
3.11 -0.077531976 328.16667 0.35065946 0
3.12 0.10436455 325.87415 0.35067893 0
3.13 0.59696948 322.96581 0.35060222 0
3.14 1.4110201 319.40355 0.35049593 0
3.15 2.5646441 315.82096 0.35047865 0
3.16 3.8348692 313.32359 0.35066429 0
3.17 4.6508332 312.20143 0.35111348 0
3.18 4.5645059 311.59059 0.35181158 0
3.19 3.8337577 310.43167 0.35267902 0
3.2 3.2184089 308.08893 0.35360799 0
3.21 3.1960461 304.52904 0.35450538 0
3.22 3.6213398 300.52952 0.35532018 0
3.23 4.1148169 297.37265 0.35604632 0
3.24 4.4820194 296.05767 0.35670601 0
3.25 4.7585697 297.07477 0.35732913 0
3.26 5.1054579 300.6357 0.35793888 0
3.27 5.592542 306.39797 0.35854457 0
3.28 6.034642 313.59153 0.35914327 0
3.29 6.1957505 321.73902 0.35972478 0
3.3 5.9908739 329.89351 0.36027146 0
3.31 5.3724067 335.73638 0.36075834 0
3.32 4.2982884 337.44117 0.36115724 0
3.33 3.0143941 335.86228 0.36144129 0
3.34 2.2014605 333.39811 0.36159336 0
3.35 2.472281 331.29667 0.36161893 0
3.36 3.6937391 329.33222 0.36155327 0
3.37 5.0907788 327.50415 0.3614564 0
3.38 5.9553993 326.59194 0.36139609 0
3.39 6.0255136 327.12477 0.36142346 0
3.4 5.3503343 328.58874 0.36155173 0
3.41 4.088379 329.8174 0.36174638 0
3.42 2.4591908 330.42844 0.36193024 0
3.43 0.77504926 331.61116 0.36200155 0
3.44 -0.6171943 334.312 0.36185305 0
3.45 -1.4360677 337.30024 0.36138986 0
3.46 -1.3900527 338.62779 0.36056458 0
3.47 -0.18546595 338.08569 0.35942493 0
3.48 2.1078046 337.23257 0.35812726 0
3.49 4.8145867 337.65214 0.35688347 0
3.5 6.9456502 339.55184 0.35587093 0
3.51 7.7594303 342.19953 0.35516522 0
3.52 7.2078403 345.0605 0.35472803 0
3.53 5.9951907 347.46679 0.35444521 0
3.54 5.0579431 347.93283 0.35419069 0
3.55 4.8004516 345.14326 0.35388269 0
3.56 4.9883959 339.7239 0.35350922 0
3.57 5.3447375 334.40979 0.35311741 0
3.58 5.7844831 332.11499 0.35277143 0
3.59 6.0695709 333.75691 0.35249774 0
3.6 5.712837 337.50458 0.35225253 0
3.61 4.4263191 340.21587 0.35193698 0
3.62 2.7018422 340.22413 0.35145059 0
3.63 1.8657403 338.46554 0.35075285 0
3.64 3.0975269 337.02903 0.34990059 0
3.65 6.1881987 337.39417 0.3490344 0
3.66 9.579294 339.60372 0.34832085 0
3.67 11.635159 342.50197 0.34788781 0
3.68 11.653779 344.70088 0.34778518 0
3.69 9.9384357 345.39295 0.34798027 0
3.7 7.4126858 345.03067 0.3483802 0
3.71 5.1650644 345.01916 0.34886501 0
3.72 3.9964687 345.88845 0.34931622 0
3.73 4.072006 346.58111 0.34963714 0
3.74 4.786932 345.95018 0.3497692 0
3.75 5.1181019 344.18158 0.3497012 0
3.76 4.491835 342.56556 0.34946203 0
3.77 3.3441169 342.08796 0.34910179 0
3.78 2.5752564 342.81126 0.34867949 0
3.79 2.5487598 344.92167 0.34825293 0
3.8 2.9871466 349.05515 0.34785206 0
3.81 3.5975888 354.70289 0.34744814 0
3.82 4.2296696 359.78382 0.34695431 0
3.83 4.6874762 362.75514 0.34627152 0
3.84 4.9392743 363.98798 0.345348 0
3.85 5.2435604 364.65136 0.34419947 0
3.86 5.7073191 365.24125 0.34288168 0
3.87 6.0590493 365.6127 0.3414606 0
3.88 6.1367112 365.74032 0.34000598 0
3.89 6.2872888 365.59199 0.33859195 0
3.9 6.9253814 364.68039 0.3372928 0
3.91 7.7549897 362.76331 0.33617523 0
3.92 7.820005 360.60095 0.33528314 0
3.93 6.5894465 359.45874 0.33461829 0
3.94 4.7547442 360.41773 0.33413622 0
3.95 3.635895 363.98331 0.33376586 0
3.96 3.9394737 369.52894 0.3334355 0
3.97 5.275862 375.30016 0.33308669 0
3.98 6.7426613 379.42639 0.33267804 0
3.99 7.8464016 380.93233 0.33219062 0
4 8.7235175 379.97773 0.3316381 0
4.01 9.4394284 377.62207 0.33106886 0
4.02 9.5796883 375.33695 0.33054427 0
4.03 8.7793899 374.17695 0.33009685 0
4.04 7.183075 374.34729 0.32969491 0
4.05 5.3871934 375.55188 0.32924073 0
4.06 4.253613 376.91501 0.32860998 0
4.07 4.3132937 376.78226 0.32771426 0
4.08 5.0957641 373.99233 0.32654708 0
4.09 5.5609903 369.17883 0.32518243 0
4.1 5.174856 363.99937 0.32372984 0
4.11 4.1937025 359.58807 0.32228028 0
4.12 3.1697178 356.4055 0.32087967 0
4.13 2.5095349 355.02853 0.31953308 0
4.14 2.3448194 355.9073 0.3182066 0
4.15 2.6131846 358.25301 0.31682045 0
4.16 3.2365723 360.19656 0.31527478 0
4.17 4.1820284 360.48586 0.31351476 0
4.18 5.3698559 359.46793 0.31157872 0
4.19 6.6161162 358.16747 0.30959781 0
4.2 7.6030451 357.12999 0.30776352 0
4.21 8.0306653 356.52169 0.30627564 0
4.22 8.0087458 356.73973 0.30528171 0
4.23 7.975265 358.45942 0.30482649 0
4.24 8.0600998 361.82055 0.30482883 0
4.25 7.9607725 365.73747 0.30510355 0
4.26 7.5297051 368.82374 0.30542758 0
4.27 7.0728437 370.58042 0.305623 0
4.28 6.9159399 370.91256 0.30561801 0
4.29 6.9504846 369.73092 0.30544614 0
4.3 6.8213004 367.83391 0.30517499 0
4.31 6.342049 366.75384 0.30480927 0
4.32 5.5300939 367.22581 0.30423788 0
4.33 4.5165897 368.85949 0.30326482 0
4.34 3.6719836 371.11152 0.30170068 0
4.35 3.6958366 373.8378 0.29944579 0
4.36 5.3577459 377.35704 0.29651564 0
4.37 8.8791639 381.99495 0.29301567 0
4.38 13.420424 386.91455 0.28909991 0
4.39 17.418149 390.16549 0.28493895 0
4.4 19.665754 390.79085 0.28069976 0
4.41 20.011182 389.70826 0.27653042 0
4.42 19.129596 387.86861 0.27255315 0
4.43 17.907261 385.04071 0.26886783 0
4.44 16.978179 380.8241 0.26555553 0
4.45 16.510367 375.66485 0.26267457 0
4.46 16.281315 370.48781 0.26025246 0
4.47 16.154571 365.79843 0.25827918 0
4.48 16.356587 361.46761 0.25670796 0
4.49 17.016193 357.26316 0.2554677 0
4.5 18.131217 353.23753 0.25448424 0
4.51 20.122031 349.51761 0.25370448 0
4.52 23.143946 345.79993 0.25312372 0
4.53 25.985706 341.07556 0.25281274 0
4.54 26.959732 334.19727 0.25292944 0
4.55 25.651822 325.01334 0.25370548 0
4.56 22.939431 314.92555 0.25540966 0
4.57 19.606377 307.48545 0.2582789 0
4.58 15.630954 309.62121 0.26239412 0
4.59 10.731984 328.66159 0.26750925 0
4.6 5.5603256 361.89714 0.27294279 0
4.61 2.6009681 391.66063 0.27774782 0
4.62 4.6468102 400.19208 0.28123596 0
4.63 11.278211 388.40552 0.28350111 0
4.64 18.387507 372.33391 0.28545118 0
4.65 21.938322 364.02075 0.28832599 0
4.66 20.79923 362.71807 0.29312696 0
4.67 16.025912 362.42399 0.3002934 0
4.68 8.9450581 360.9241 0.30964765 0
4.69 0.45610064 359.27169 0.32051644 0
4.7 -8.4144726 357.43718 0.33196575 0
4.71 -16.209372 354.66813 0.34306407 0
4.72 -21.658625 351.77202 0.35306856 0
4.73 -24.277955 350.46852 0.36149864 0
4.74 -24.352974 351.32793 0.36813261 0
4.75 -22.773087 353.35403 0.37296449 0
4.76 -20.764274 355.57409 0.37613682 0
4.77 -19.137343 358.01172 0.37787187 0
4.78 -17.732147 360.71487 0.3784332 0
4.79 -15.998069 363.24659 0.37812084 0
4.8 -13.92769 365.45165 0.37726721 0
4.81 -12.065923 367.5273 0.37620459 0
4.82 -10.845583 369.28975 0.37521167 0
4.83 -10.261174 370.0175 0.37446536 0
4.84 -10.164971 369.12574 0.37401201 0
4.85 -10.514694 366.87917 0.37377693 0
4.86 -11.152089 364.0245 0.37361988 0
4.87 -11.723624 360.80656 0.37339865 0
4.88 -12.114671 357.01681 0.37300028 0
4.89 -12.665864 352.6553 0.3723417 0
4.9 -13.652131 348.09244 0.37135828 0
4.91 -14.785348 343.94287 0.36998908 0
4.92 -15.48494 340.7173 0.36817167 0
4.93 -15.405976 338.38691 0.3658555 0
4.94 -14.511236 336.54365 0.36302039 0
4.95 -12.851533 335.09035 0.35968738 0
4.96 -10.517673 334.4137 0.35591857 0
4.97 -7.7298717 334.70715 0.35180709 0
4.98 -4.7608702 335.56402 0.34747328 0
4.99 -1.7553872 336.525 0.34307201 0
5 1.240844 337.78245 0.33878286 0
5.01 4.123546 339.91307 0.33477139 0
5.02 6.7078564 342.82187 0.33115091 0
5.03 8.7968374 345.54384 0.32797668 0
5.04 10.279301 347.30966 0.32527198 0
5.05 11.233828 348.244 0.32305063 0
5.06 11.86857 348.86177 0.32130823 0
5.07 12.266271 349.37036 0.31999746 0
5.08 12.304451 349.81458 0.31901781 0
5.09 11.969063 350.34094 0.31823639 0
5.1 11.532321 350.81122 0.31753882 0
5.11 11.241684 350.88639 0.31688299 0
5.12 11.072389 350.64008 0.31631689 0
5.13 10.918553 350.444 0.31595225 0
5.14 10.811224 350.57574 0.31591617 0
5.15 10.8283 351.12921 0.31630294 0
5.16 10.893827 352.00076 0.31714051 0
5.17 10.749104 353.17201 0.31837804 0
5.18 10.159471 354.82585 0.31989441 0
5.19 9.1486498 356.73186 0.32152186 0
5.2 7.957649 357.90512 0.32308046 0
5.21 6.7417138 357.42978 0.32442403 0
5.22 5.4012751 355.51488 0.32547945 0
5.23 3.8777245 353.53698 0.32624855 0
5.24 2.5503417 353.08831 0.3267772 0
5.25 2.0406105 354.73475 0.32712478 0
5.26 2.59217 357.63406 0.3273495 0
5.27 3.8571457 360.64535 0.3275054 0
5.28 5.2855188 363.47261 0.32763961 0
5.29 6.5163928 366.4026 0.32778469 0
5.3 7.4014465 369.45325 0.32795331 0
5.31 7.9276614 372.30009 0.32814028 0
5.32 8.2038949 374.79534 0.32832691 0
5.33 8.3381755 376.8431 0.32848518 0
5.34 8.3048138 377.93265 0.32858742 0
5.35 8.0937287 377.70977 0.32862399 0
5.36 7.8931789 376.57585 0.32861989 0
5.37 7.8295318 374.98303 0.32863334 0
5.38 7.6657322 373.10454 0.32873486 0
5.39 7.1341547 371.69167 0.32898175 0
5.4 6.405109 371.86942 0.32939619 0
5.41 5.870692 373.603 0.32995203 0
5.42 5.6349808 375.63948 0.33058616 0
5.43 5.4953501 377.04155 0.33123302 0
5.44 5.2822097 377.67494 0.33185549 0
5.45 5.0321387 377.67072 0.33246249 0
5.46 4.8712067 377.28989 0.33312403 0
5.47 4.808577 376.6963 0.3339813 0
5.48 4.6585494 375.49411 0.33524007 0
5.49 4.1144929 373.22094 0.33713517 0
5.5 2.9272499 370.59761 0.33986048 0
5.51 1.050694 369.48895 0.34349097 0
5.52 -1.4427373 370.96826 0.34794456 0
5.53 -4.4570372 373.86138 0.35300461 0
5.54 -7.7575636 375.68742 0.35838195 0
5.55 -11.011239 374.89613 0.36377306 0
5.56 -14.039547 372.20083 0.36888526 0
5.57 -16.695006 369.75144 0.3734477 0
5.58 -18.494971 368.97362 0.37724491 0
5.59 -18.854384 369.60836 0.38017359 0
5.6 -17.795347 370.6671 0.38228574 0
5.61 -16.244122 371.55441 0.38376852 0
5.62 -15.543035 372.37393 0.38484624 0
5.63 -16.4481 373.57149 0.38566383 0
5.64 -18.482475 375.17693 0.38622756 0
5.65 -20.478366 376.61566 0.38641932 0
5.66 -21.665627 377.54076 0.38605098 0
5.67 -21.937237 378.30329 0.38492227 0
5.68 -21.421432 379.46186 0.38286046 0
5.69 -20.307207 381.3489 0.37973685 0
5.7 -18.806936 383.92816 0.37547462 0
5.71 -16.887236 386.85446 0.37007174 0
5.72 -14.123869 390.03628 0.36363956 0
5.73 -9.9800296 393.67494 0.35642251 0
5.74 -4.402795 397.24298 0.34876592 0
5.75 1.6351061 399.68215 0.34104173 0
5.76 6.4838371 401.06445 0.33356993 0
5.77 9.2617014 402.32869 0.32656767 0
5.78 10.69621 403.46303 0.3201457 0
5.79 12.054526 403.70833 0.31434223 0
5.8 13.678601 402.90557 0.30915407 0
5.81 15.000558 401.33535 0.30454794 0
5.82 15.594448 399.11575 0.3004735 0
5.83 15.723072 396.72685 0.29688824 0
5.84 15.910727 395.28746 0.29377262 0
5.85 16.42232 395.47641 0.29112286 0
5.86 17.250438 397.06963 0.28893307 0
5.87 18.182752 399.93296 0.28716917 0
5.88 18.824151 404.19656 0.28573122 0
5.89 18.929802 409.16909 0.2844388 0
5.9 18.683905 413.15475 0.28307847 0
5.91 18.422962 414.74078 0.28148991 0
5.92 18.253338 413.85523 0.2796273 0
5.93 18.104411 411.43804 0.27756242 0
5.94 17.938954 408.56975 0.2754399 0
5.95 17.694177 406.26866 0.2734128 0
5.96 17.202194 405.49022 0.27158785 0
5.97 16.434883 406.41422 0.2700039 0
5.98 15.626912 407.99878 0.26864752 0
5.99 14.955106 408.98752 0.2674837 0
6 14.37815 409.17727 0.26647457 0
6.01 13.856639 409.22784 0.26558041 0
6.02 13.426995 409.62096 0.26475405 0
6.03 13.090611 410.28825 0.26394116 0
6.04 12.842373 410.77264 0.26309147 0
6.05 12.765366 410.47276 0.26217821 0
6.06 12.970138 409.04929 0.26121491 0
6.07 13.39391 406.60775 0.26025601 0
6.08 13.782437 403.68251 0.25937488 0
6.09 13.98489 401.07483 0.25863199 0
6.1 14.073109 399.27832 0.25805418 0
6.11 14.134441 398.12074 0.25763577 0
6.12 14.175419 397.12148 0.25735307 0
6.13 14.153614 396.0728 0.25717572 0
6.14 14.010452 395.16262 0.2570706 0
6.15 13.786175 394.5044 0.25700709 0
6.16 13.670775 393.86022 0.25696713 0
6.17 13.826039 392.93881 0.25695507 0
6.18 14.125838 391.54684 0.2570026 0
6.19 14.197843 389.44315 0.25716302 0
6.2 13.816787 386.32987 0.25749804 0
6.21 13.050538 382.19219 0.25806198 0
6.22 12.039448 378.04371 0.25887956 0
6.23 11.043753 376.00639 0.25992431 0
6.24 10.576228 377.76967 0.26111626 0
6.25 10.979625 382.96554 0.26234397 0
6.26 11.990506 389.3923 0.26349954 0
6.27 13.039208 394.58627 0.26451341 0
6.28 13.794633 397.06359 0.26537812 0
6.29 14.198923 396.50342 0.26615135 0
6.3 14.191862 393.14646 0.26693537 0
6.31 13.639753 387.32761 0.26783601 0
6.32 12.454038 379.9576 0.26890958 0
6.33 10.741541 373.17597 0.27011653 0
6.34 8.941976 369.28273 0.27130762 0
6.35 7.7365248 368.36206 0.2722661 0
6.36 7.5876531 368.01472 0.27280324 0
6.37 8.3374045 365.94762 0.27285494 0
6.38 9.4183175 361.92605 0.27251503 0
6.39 10.379043 357.20228 0.27198954 0
6.4 11.049498 352.89133 0.2715112 0
6.41 11.412793 349.12216 0.27126741 0
6.42 11.417267 345.35105 0.27136168 0
6.43 10.831493 341.21299 0.2717932 0
6.44 9.6012839 337.21002 0.27244892 0
6.45 8.3338513 334.35775 0.27312564 0
6.46 7.8608251 332.82979 0.27359278 0
6.47 8.4132004 331.45476 0.27368265 0
6.48 9.5912293 329.00696 0.27336538 0
6.49 10.840055 325.49479 0.2727564 0
6.5 11.768812 321.88941 0.27205335 0
6.51 12.273187 318.9754 0.27145502 0
6.52 12.431856 316.59845 0.27110701 0
6.53 12.346634 313.99414 0.27108052 0
6.54 12.149605 310.79099 0.27137558 0
6.55 11.940872 307.59461 0.27193821 0
6.56 11.722585 305.74576 0.2726817 0
6.57 11.574899 306.31879 0.27350867 0
6.58 11.661833 308.96636 0.27433614 0
6.59 11.997998 311.98077 0.27512411 0
6.6 12.486849 313.57868 0.2758953 0
6.61 13.01749 312.89339 0.27672528 0
6.62 13.315864 310.20821 0.27770057 0
6.63 12.975745 306.72541 0.27886864 0
6.64 11.850508 303.54243 0.2802203 0
6.65 10.393059 300.59505 0.28173045 0
6.66 9.401364 297.31456 0.28342789 0
6.67 9.2858368 293.97673 0.28543484 0
6.68 9.7954604 291.40986 0.28795028 0
6.69 10.37593 290.08353 0.29118312 0
6.7 10.474207 290.14991 0.29525451 0
6.71 9.7213581 291.51609 0.30011374 0
6.72 8.1134019 293.70672 0.30551413 0
6.73 5.9341576 296.00814 0.31105537 0
6.74 3.5249297 297.62496 0.31627108 0
6.75 1.2176214 298.05317 0.32073993 0
6.76 -0.64849901 297.46728 0.32419334 0
6.77 -1.7948094 296.56019 0.32658229 0
6.78 -2.1639201 296.06575 0.32807084 0
6.79 -2.070627 295.99162 0.32896151 0
6.8 -2.0223462 295.26724 0.32959652 0
6.81 -2.2184915 292.88552 0.33027897 0
6.82 -2.418677 289.15099 0.33122553 0
6.83 -2.407457 285.33341 0.33253734 0
6.84 -2.3345356 282.74865 0.33417997 0
6.85 -2.4394204 282.28074 0.33598873 0
6.86 -2.6119626 283.86954 0.3377237 0
6.87 -2.4978056 286.31573 0.33916293 0
6.88 -2.0432674 288.22468 0.34018786 0
6.89 -1.641136 289.26279 0.34081834 0
6.9 -1.6282221 290.18429 0.3411778 0
6.91 -1.9064386 291.7773 0.34141255 0
6.92 -2.1872208 294.04826 0.3416245 0
6.93 -2.3432154 296.24457 0.34185202 0
6.94 -2.3812651 297.62715 0.34208845 0
6.95 -2.3277249 298.2021 0.34231135 0
6.96 -2.2646354 298.47124 0.34249682 0
6.97 -2.2582896 298.80934 0.34261548 0
6.98 -2.2047238 299.46345 0.34263833 0
6.99 -1.9394832 300.7104 0.34256095 0
7 -1.5053222 302.58272 0.34240935 0
7.01 -1.1381269 304.59105 0.34221262 0
7.02 -0.95516834 305.97165 0.34197731 0
7.03 -0.80136165 306.31401 0.34168712 0
7.04 -0.45386924 305.81742 0.34131839 0
7.05 0.13441453 305.00491 0.34085901 0
7.06 0.83569673 304.55014 0.3403188 0
7.07 1.5148085 305.00017 0.33972224 0
7.08 2.1526377 306.26584 0.33909049 0
7.09 2.8229475 307.81352 0.33843385 0
7.1 3.575907 309.22285 0.33776643 0
7.11 4.37378 310.16502 0.33712701 0
7.12 5.1347069 310.5071 0.33658568 0
7.13 5.7757588 311.02191 0.336234 0
7.14 6.2030998 313.20972 0.33615943 0
7.15 6.3063032 317.64463 0.33640677 0
7.16 5.9780897 323.08222 0.33694736 0
7.17 5.1867238 327.73572 0.33768051 0
7.18 4.0646531 330.83696 0.33846582 0
7.19 2.8595206 332.58798 0.33916607 0
7.2 1.793784 333.2742 0.3396861 0
7.21 0.99143565 333.11883 0.3399979 0
7.22 0.42826436 332.81677 0.34013708 0
7.23 -0.042192946 333.38748 0.3401678 0
7.24 -0.51300905 335.13175 0.34014175 0
7.25 -0.9576858 337.29467 0.34007978 0
7.26 -1.3290696 339.02773 0.3399799 0
7.27 -1.5534917 340.1845 0.33983939 0
7.28 -1.5333906 341.10169 0.33967143 0
7.29 -1.3358854 341.96355 0.33949838 0
7.3 -1.2208875 342.59857 0.33932526 0
7.31 -1.3147222 342.92995 0.33911957 0
7.32 -1.3717635 343.19484 0.33882237 0
7.33 -1.0316867 343.50735 0.33838736 0
7.34 -0.28614899 343.69187 0.33781157 0
7.35 0.49931252 343.74153 0.33712501 0
7.36 1.0382731 343.97321 0.33635432 0
7.37 1.3994423 344.56205 0.33550464 0
7.38 1.8224489 345.29842 0.33457807 0
7.39 2.3925025 345.78738 0.33360579 0
7.4 2.8967554 345.68932 0.33266208 0
7.41 3.0002406 345.04146 0.33184639 0
7.42 2.6072679 344.3894 0.33125143 0
7.43 1.9784288 344.31617 0.33094649 0
7.44 1.4034193 344.98757 0.33097339 0
7.45 0.82998596 346.24543 0.33133482 0
7.46 -0.034394878 347.77608 0.33197755 0
7.47 -1.246692 349.12408 0.33278757 0
7.48 -2.3926415 349.84536 0.33361112 0
7.49 -2.9418514 349.79432 0.33430479 0
7.5 -2.8011514 349.24006 0.33478526 0
7.51 -2.3316171 348.58226 0.33504021 0
7.52 -1.8720667 347.8272 0.33510427 0
7.53 -1.4996851 346.5395 0.33503137 0
7.54 -1.1529555 344.53222 0.33487889 0
7.55 -0.77551074 342.2471 0.3347029 0
7.56 -0.39979802 340.1314 0.33455696 0
7.57 -0.12895362 338.09803 0.33448527 0
7.58 -0.030020724 335.99087 0.33451491 0
7.59 -0.10132343 334.11952 0.33465656 0
7.6 -0.29103706 332.89057 0.33490742 0
7.61 -0.50741581 332.20991 0.33525002 0
7.62 -0.70003574 331.66466 0.33565443 0
7.63 -0.90119564 331.16295 0.33608762 0
7.64 -1.1210495 330.96962 0.33652242 0
7.65 -1.2960298 331.1436 0.33694398 0
7.66 -1.3814755 331.37171 0.33735555 0
7.67 -1.425921 331.43855 0.33777544 0
7.68 -1.5130897 331.51188 0.33822273 0
7.69 -1.6455564 331.77623 0.33870459 0
7.7 -1.7687601 332.0937 0.33921543 0
7.71 -1.8860211 332.20444 0.33974608 0
7.72 -2.0162529 332.0109 0.34029319 0
7.73 -2.1049818 331.67537 0.34086065 0
7.74 -2.1062578 331.52753 0.3414547 0
7.75 -2.079767 331.70772 0.3420758 0
7.76 -2.1065772 331.93311 0.34271081 0
7.77 -2.1658681 331.75415 0.3433382 0
7.78 -2.2115937 331.00336 0.34394402 0
7.79 -2.3078916 329.95379 0.34452487 0
7.8 -2.5542939 329.06429 0.34507184 0
7.81 -2.9213826 328.58489 0.34555904 0
7.82 -3.21999 328.40015 0.3459558 0
7.83 -3.2371674 328.2721 0.34625403 0
7.84 -2.9606627 328.20448 0.34648493 0
7.85 -2.6562849 328.43643 0.34670946 0
7.86 -2.640099 329.14101 0.34699076 0
7.87 -2.9858226 330.28562 0.34736703 0
7.88 -3.5104842 331.72962 0.34783667 0
7.89 -4.0246402 333.34803 0.34835816 0
7.9 -4.5060412 334.94536 0.3488627 0
7.91 -4.9881911 336.15217 0.34927355 0
7.92 -5.376609 336.67837 0.34952586 0
7.93 -5.49014 336.65934 0.34958487 0
7.94 -5.266176 336.624 0.34945897 0
7.95 -4.8321864 337.01513 0.34920043 0
7.96 -4.3789724 337.77261 0.34889107 0
7.97 -4.0556663 338.43189 0.34862292 0
7.98 -3.9710423 338.50631 0.3484823 0
7.99 -4.1803888 337.90141 0.34853756 0
8 -4.6573959 336.93503 0.3488313 0
8.01 -5.3457936 335.86831 0.34937584 0
8.02 -6.2247719 334.88624 0.35014516 0
8.03 -7.2710429 334.45009 0.35106622 0
8.04 -8.351 335.1322 0.35202061 0
8.05 -9.1698562 337.17193 0.35286382 0
8.06 -9.3961133 340.02947 0.3534623 0
8.07 -8.9076085 342.34218 0.35373869 0
8.08 -7.9273057 343.02616 0.35369987 0
8.09 -6.8882096 342.17827 0.3534265 0
8.1 -6.1088839 340.38208 0.35303376 0
8.11 -5.6485021 338.05912 0.35262871 0
8.12 -5.4839436 335.74232 0.35227486 0
8.13 -5.5769431 333.96807 0.35196612 0
8.14 -5.6744761 333.00726 0.35163066 0
8.15 -5.3297876 333.06334 0.35118112 0
8.16 -4.2913811 334.22996 0.3505805 0
8.17 -2.7507617 336.32485 0.34987403 0
8.18 -1.1734289 339.02644 0.34917749 0
8.19 0.025877976 341.77654 0.34863983 0
8.2 0.64136253 343.49752 0.34839511 0
8.21 0.64783235 343.04751 0.34852034 0
8.22 0.17866797 340.26106 0.34901428 0
8.23 -0.5453302 336.13602 0.34979786 0
8.24 -1.3492014 331.98727 0.35072915 0
8.25 -2.014614 328.75966 0.35164214 0
8.26 -2.2003431 326.80004 0.35241707 0
8.27 -1.7690382 325.95974 0.35304463 0
8.28 -1.0298182 326.13418 0.35363673 0
8.29 -0.44961368 327.54007 0.35439153 0
8.3 -0.33521707 330.01116 0.35554863 0
8.31 -0.85389786 332.27879 0.35734049 0
8.32 -2.0766383 332.78143 0.35992256 0
8.33 -3.9033598 331.50685 0.36329035 0
8.34 -6.0805508 330.53711 0.36724913 0
8.35 -8.3444985 332.15322 0.37148925 0
8.36 -10.555098 336.31596 0.37571734 0
8.37 -12.69477 340.45617 0.37974322 0
8.38 -14.642415 341.82023 0.3834833 0
8.39 -15.993001 339.55086 0.3869129 0
8.4 -16.385979 334.69089 0.39001932 0
8.41 -16.032068 328.72664 0.39279131 0
8.42 -15.685556 322.53619 0.39523504 0
8.43 -15.948585 317.01 0.39737693 0
8.44 -16.572135 313.22723 0.39924394 0
8.45 -17.063266 311.38987 0.40084468 0
8.46 -18.041136 311.04407 0.40217291 0
8.47 -20.430054 311.33427 0.40322711 0
8.48 -23.410215 310.52049 0.40401437 0
8.49 -25.045016 307.51425 0.4045254 0
8.5 -24.666537 303.25246 0.40470401 0
8.51 -23.506769 299.43069 0.40443155 0
8.52 -23.310515 297.77272 0.40352592 0
8.53 -24.703204 300.37259 0.40176224 0
8.54 -26.655939 308.42966 0.39894136 0
8.55 -27.330923 320.01877 0.39500442 0
8.56 -25.598746 330.38334 0.39011478 0
8.57 -21.944983 336.23637 0.38462362 0
8.58 -17.940864 338.40455 0.37894785 0
8.59 -15.068997 339.14172 0.37344175 0
8.6 -13.983891 340.10026 0.36829721 0
8.61 -14.295134 342.51714 0.36349262 0
8.62 -15.019257 346.03619 0.35881639 0
8.63 -15.484334 348.50442 0.35396798 0
8.64 -15.557442 348.59466 0.34869239 0
8.65 -14.926291 347.25111 0.34287749 0
8.66 -12.861903 345.86972 0.3365821 0
8.67 -9.2437104 344.93422 0.33000646 0
8.68 -5.1556203 345.13288 0.3234192 0
8.69 -1.9380962 347.44122 0.31705618 0
8.7 -0.22340357 351.13239 0.31103399 0
8.71 0.021754062 353.56703 0.30533457 0
8.72 -0.84543092 352.44264 0.29986856 0
8.73 -2.2270815 347.39088 0.29456443 0
8.74 -3.3188426 339.81703 0.2894267 0
8.75 -3.4335027 331.87026 0.2845426 0
8.76 -2.2886264 325.44334 0.28004839 0
8.77 0.0016788943 321.6839 0.27607474 0
8.78 2.8366888 320.69284 0.27269064 0
8.79 5.2188287 321.35205 0.26987502 0
8.8 6.3892475 321.90463 0.26753335 0
8.81 6.4439853 321.13238 0.26554644 0
8.82 6.3554996 319.18658 0.26382045 0
8.83 6.9756628 317.28588 0.2623119 0
8.84 7.8363142 316.38484 0.2610217 0
8.85 7.7954925 316.45517 0.2599687 0
8.86 7.0329664 317.26972 0.25916374 0
8.87 7.2632865 318.94628 0.258606 0
8.88 9.3008616 321.40646 0.25829874 0
8.89 11.505221 324.18963 0.25825585 0
8.9 11.854049 326.85434 0.25847802 0
8.91 10.295106 329.06789 0.25891724 0
8.92 7.8941682 330.41356 0.25946823 0
8.93 5.2425309 330.3578 0.25999746 0
8.94 2.5671127 328.67314 0.26038807 0
8.95 0.30721958 325.8481 0.26057304 0
8.96 -0.92227591 322.7618 0.26054545 0
8.97 -0.72549741 320.13074 0.26035453 0
8.98 0.7874996 318.31971 0.26009318 0
8.99 3.0340364 317.30408 0.25987555 0
9 5.1706743 316.74508 0.25980976 0
9.01 6.4327662 316.27471 0.25997446 0
9.02 6.5279138 315.8265 0.26040317 0
9.03 5.7691834 315.8143 0.2610795 0
9.04 4.8358526 316.97009 0.26194425 0
9.05 4.3044434 319.83275 0.26291119 0
9.06 4.3029914 324.23269 0.26388637 0
9.07 4.5933014 329.1327 0.26478672 0
9.08 4.8201504 333.04861 0.26555551 0
9.09 4.6846545 334.855 0.26617097 0
9.1 4.067252 334.24675 0.26664238 0
9.11 3.0027021 331.56617 0.26699372 0
9.12 1.6817885 327.4806 0.26724452 0
9.13 0.47551239 322.82872 0.26740083 0
9.14 -0.36913082 318.42554 0.26746155 0
9.15 -0.92179687 314.73458 0.26743061 0
9.16 -1.2062277 311.82764 0.26732623 0
9.17 -0.99059544 309.76483 0.26719033 0
9.18 -0.17518374 308.6538 0.26709258 0
9.19 0.94985126 308.26209 0.26711656 0
9.2 1.965342 308.08445 0.26733416 0
9.21 2.5087725 307.80376 0.26778336 0
9.22 2.3029728 307.57191 0.26845778 0
9.23 1.4712318 308.16897 0.26930937 0
9.24 0.66928455 310.55359 0.27025986 0
9.25 0.54485772 314.76198 0.27121964 0
9.26 1.204318 319.62916 0.27211651 0
9.27 2.285529 323.75883 0.27292348 0
9.28 3.2822636 326.40364 0.27366727 0
9.29 3.6942635 327.45843 0.27441073 0
9.3 3.1624737 327.16203 0.27521859 0
9.31 1.7918366 326.22735 0.27612538 0
9.32 0.29235542 325.87433 0.27712314 0
9.33 -0.46140995 326.82166 0.27817341 0
9.34 -0.022089989 328.04514 0.27923622 0
9.35 1.4158398 327.30667 0.28030191 0
9.36 2.9190596 323.52132 0.28140556 0
9.37 2.9842421 318.22223 0.28260237 0
9.38 0.56647771 314.18374 0.2839049 0
9.39 -3.806375 313.10004 0.28522332 0
9.4 -8.1964259 314.90466 0.28636198 0
9.41 -10.657235 318.25534 0.2870801 0
9.42 -10.534808 320.99576 0.28717565 0
9.43 -8.4973679 321.1816 0.28655406 0
9.44 -5.7985315 318.51918 0.28526216 0
9.45 -3.8278612 314.49088 0.28347262 0
9.46 -3.6037053 310.958 0.28142236 0
9.47 -5.1181376 308.8072 0.27933629 0
9.48 -7.3905407 307.76169 0.27737628 0
9.49 -9.179332 307.22383 0.27563432 0
9.5 -9.7187084 307.11241 0.27415407 0
9.51 -8.8203042 307.71089 0.27295238 0
9.52 -6.3441799 308.82501 0.27203399 0
9.53 -2.4216168 309.66685 0.27140553 0
9.54 1.8798453 309.83514 0.2710863 0
9.55 5.2104816 310.12365 0.27110641 0
9.56 6.8441867 312.11467 0.27148548 0
9.57 6.4993765 316.82691 0.27219831 0
9.58 4.3934425 323.71293 0.2731549 0
9.59 1.69069 331.01856 0.2742199 0
9.6 -0.18382435 336.92739 0.27525979 0
9.61 -0.78780605 340.29973 0.27618499 0
9.62 -0.66754731 340.91798 0.27697063 0
9.63 -0.52586564 339.59473 0.27765256 0
9.64 -0.8388018 337.83466 0.27830131 0
9.65 -1.6322609 336.94602 0.27899443 0
9.66 -2.1824557 337.28984 0.27980623 0
9.67 -1.4823647 338.23912 0.28080922 0
9.68 0.65681911 338.9986 0.2820758 0
9.69 3.2313434 339.42952 0.28367856 0
9.7 4.8878738 339.73713 0.28568432 0
9.71 5.0092427 340.73233 0.28812865 0
9.72 3.8705214 345.50809 0.29096325 0
9.73 1.8596185 357.49409 0.2939929 0
9.74 -0.76545507 373.82085 0.29687101 0
9.75 -3.0109421 384.71659 0.29924606 0
9.76 -3.2708777 383.45011 0.30101401 0
9.77 -1.1046579 372.78306 0.3024501 0
9.78 2.0918083 359.66642 0.30406955 0
9.79 4.2245202 349.18619 0.30631895 0
9.8 3.6898128 344.49181 0.30930676 0
9.81 0.43921559 346.41175 0.31272702 0
9.82 -3.7052998 351.69767 0.31602356 0
9.83 -6.6241547 355.69319 0.31868508 0
9.84 -7.5144741 357.00717 0.3204698 0
9.85 -6.7038152 357.15431 0.32144835 0
9.86 -4.8588416 356.76805 0.32190936 0
9.87 -2.7652493 354.68137 0.32222583 0
9.88 -1.3025778 350.56298 0.3227318 0
9.89 -1.1578933 346.40309 0.32361873 0
9.9 -2.3906694 344.28123 0.32487788 0
9.91 -4.3554644 343.91995 0.32631936 0
9.92 -6.2391231 343.71675 0.32765804 0
9.93 -7.5659635 342.96681 0.32862161 0
9.94 -7.9619609 341.89494 0.32904256 0
9.95 -6.8940566 340.77533 0.32891268 0
9.96 -4.3485994 339.86142 0.32838202 0
9.97 -1.5139305 339.39979 0.32769995 0
9.98 -0.055131888 339.53579 0.32712968 0
9.99 -0.57779452 340.24968 0.32687654 0
10 -2.1938049 341.18871 0.32704818 0
10.01 -3.7466535 342.00406 0.32763632 0
10.02 -4.9286597 342.94438 0.32850364 0
10.03 -5.8809214 344.4826 0.32939073 0
10.04 -6.3817093 346.24318 0.32997237 0
10.05 -5.9025968 346.89771 0.32995753 0
10.06 -4.1350953 345.50191 0.32919593 0
10.07 -1.3803706 342.74653 0.32774016 0
10.08 1.4567683 340.60166 0.32581389 0
10.09 3.4174884 340.48375 0.3236938 0
10.1 4.0733629 342.0184 0.32158162 0
10.11 3.6520032 344.01812 0.31954086 0
10.12 2.904371 345.79806 0.3175178 0
10.13 2.6915095 347.0264 0.31541167 0
10.14 3.2996091 347.46024 0.31313524 0
10.15 4.3133777 347.09545 0.31063587 0
10.16 5.3261156 346.04139 0.30789509 0
10.17 6.5195838 344.49794 0.30493768 0
10.18 8.34686 342.94963 0.30184947 0
10.19 10.74245 342.26005 0.29876848 0
10.2 13.072253 343.24865 0.29583339 0
10.21 14.969026 345.76156 0.29312335 0
10.22 16.61936 348.70484 0.29062422 0
10.23 18.135151 351.34755 0.28822516 0
10.24 19.228593 353.95579 0.2857456 0
10.25 19.652539 356.73848 0.2829979 0
10.26 19.608316 358.58683 0.27987152 0
10.27 19.437118 357.68809 0.27639384 0
10.28 19.204665 353.33811 0.27272898 0
10.29 18.946389 346.47359 0.26912392 0
10.3 18.987638 338.75453 0.26583964 0
10.31 19.777272 331.70801 0.26310042 0
10.32 21.497936 326.19926 0.26108694 0
10.33 23.671857 321.68643 0.2599705 0
10.34 25.142868 316.47814 0.25994067 0
10.35 24.771439 310.54275 0.26117343 0
10.36 22.151694 307.97326 0.26372402 0
10.37 17.601456 314.82141 0.26737548 0
10.38 12.023273 332.70639 0.27153644 0
10.39 7.1490519 353.59916 0.27533915 0
10.4 5.0396396 364.18476 0.27801621 0
10.41 6.3114805 358.89612 0.27936695 0
10.42 9.3149208 345.3377 0.27994578 0
10.43 11.869399 334.52763 0.28082813 0
10.44 13.214173 329.73316 0.28317453 0
10.45 13.477998 326.78788 0.28785303 0
10.46 11.835605 322.9719 0.29515892 0
10.47 6.4617796 322.42673 0.30458396 0
10.48 -2.9148756 329.95751 0.31476988 0
10.49 -12.735675 341.67874 0.32391535 0
10.5 -17.596301 348.57433 0.33057291 0
10.51 -15.709826 348.20651 0.33426665 0
10.52 -10.715589 345.96476 0.33548315 0
10.53 -6.9219364 346.43934 0.33521321 0
10.54 -5.2020049 348.80805 0.33449266 0
10.55 -4.5002424 349.74174 0.33416385 0
10.56 -4.5453089 347.91269 0.33479992 0
10.57 -5.7220877 344.88391 0.33665872 0
10.58 -8.0333384 342.92551 0.33962968 0
10.59 -11.304853 343.54521 0.3432325 0
10.6 -15.152762 347.06833 0.34674123 0
10.61 -18.065747 352.07152 0.34944902 0
10.62 -18.239746 356.29793 0.35094832 0
10.63 -15.88462 358.71242 0.35123873 0
10.64 -13.001463 359.49274 0.35063274 0
10.65 -10.97512 358.61623 0.34958799 0
10.66 -9.8128104 355.95888 0.34856557 0
10.67 -9.1096522 352.32894 0.34792468 0
10.68 -8.6284134 349.26308 0.34783732 0
10.69 -8.3426911 347.84949 0.34823556 0
10.7 -8.3746917 348.2837 0.34883028 0
10.71 -8.5834351 350.13888 0.34921906 0
10.72 -8.2913633 352.41389 0.34904909 0
10.73 -6.9067451 353.74884 0.34816116 0
10.74 -4.5982859 353.25644 0.34664853 0
10.75 -2.0028834 351.32654 0.34481638 0
10.76 0.33029258 349.46673 0.34306981 0
10.77 1.9939367 348.99034 0.34177437 0
10.78 2.6335372 350.04072 0.3411364 0
10.79 2.0973653 352.15712 0.34113929 0
10.8 0.68296244 354.92213 0.34155395 0
10.81 -0.86115483 357.5316 0.34202672 0
10.82 -1.7392403 358.72618 0.34222132 0
10.83 -1.6432563 357.69365 0.34195118 0
10.84 -0.92578881 354.55064 0.3412329 0
10.85 -0.25303112 350.00666 0.34024567 0
10.86 -0.10114752 345.13535 0.33923577 0
10.87 -0.54913919 341.33658 0.33841303 0
10.88 -1.3865531 339.74778 0.33787155 0
10.89 -2.2638602 340.40603 0.33756246 0
10.9 -2.8181212 342.24018 0.33733515 0
10.91 -2.835468 343.84986 0.33702525 0
10.92 -2.3584891 344.24401 0.33653931 0
10.93 -1.6195549 343.32644 0.335894 0
10.94 -0.88033317 341.90849 0.33519354 0
10.95 -0.35141549 340.86513 0.33456549 0
10.96 -0.18102825 340.44356 0.33409407 0
10.97 -0.3712068 340.57398 0.33378416 0
10.98 -0.72215802 341.07398 0.33357222 0
10.99 -1.0191312 341.53812 0.33336837 0
11 -1.2229786 341.69828 0.33309366 0
11.01 -1.3647885 341.64914 0.33269689 0
11.02 -1.4237532 341.54353 0.33216266 0
11.03 -1.4267476 341.21394 0.3315183 0
11.04 -1.5348663 340.11844 0.33083199 0
11.05 -1.9522292 337.9363 0.3301914 0
11.06 -2.7342786 335.14467 0.329667 0
11.07 -3.6372011 332.71686 0.32928333 0
11.08 -4.2182542 331.44525 0.32901788 0
11.09 -4.2253518 331.60174 0.32881858 0
11.1 -3.8605229 332.86654 0.32862078 0
11.11 -3.5266121 334.51601 0.32836275 0
11.12 -3.365638 336.05476 0.32800444 0
11.13 -3.1563247 337.53388 0.32754279 0
11.14 -2.611241 338.95354 0.32701598 0
11.15 -1.71567 339.99944 0.32649679 0
11.16 -0.75335926 340.72315 0.32607456 0
11.17 0.00083100226 341.71018 0.32582084 0
11.18 0.46032776 343.24988 0.32574706 0
11.19 0.59293493 344.96646 0.32578844 0
11.2 0.40487397 346.52164 0.32583779 0
11.21 0.089425272 348.05146 0.32580048 0
11.22 -0.090185111 349.58463 0.32562719 0
11.23 -0.083553501 350.62003 0.32532032 0
11.24 -0.067100624 350.64972 0.32492389 0
11.25 -0.19469345 349.84304 0.32449854 0
11.26 -0.40403703 349.03031 0.32409275 0
11.27 -0.49744155 348.95502 0.32372057 0
11.28 -0.36248861 349.6627 0.32335243 0
11.29 -0.027322946 350.76079 0.32292971 0
11.3 0.43254179 352.11172 0.32239833 0
11.31 0.98107686 354.08606 0.32173653 0
11.32 1.7129462 357.06214 0.32096179 0
11.33 2.8004672 360.88248 0.32011904 0
11.34 4.2187576 364.96534 0.31926061 0
11.35 5.6665165 368.70034 0.31843345 0
11.36 6.8341775 371.75047 0.31767797 0
11.37 7.5800929 374.1314 0.31702794 0
11.38 7.8492039 375.97892 0.31650737 0
11.39 7.5818221 377.61424 0.31613162 0
11.4 6.7539064 379.7335 0.3159074 0
11.41 5.522182 382.71949 0.31582278 0
11.42 4.2679828 386.20881 0.31584436 0
11.43 3.2782385 389.85514 0.3159321 0
11.44 2.4044567 393.42312 0.31604431 0
11.45 1.3085233 396.11682 0.31612499 0
11.46 -0.080979548 397.03907 0.31610551 0
11.47 -1.617988 396.10907 0.31593108 0
11.48 -3.1218478 394.09532 0.31558931 0
11.49 -4.2245594 392.11886 0.31512624 0
11.5 -4.4782711 391.01794 0.31464213 0
11.51 -3.9328099 390.95081 0.31425691 0
11.52 -3.2198804 391.67194 0.31405698 0
11.53 -2.8678931 392.97515 0.31405829 0
11.54 -2.8209582 394.75585 0.31420457 0
11.55 -2.6735555 397.04058 0.31439379 0
11.56 -2.1284972 399.94684 0.314517 0
11.57 -1.1221244 403.21293 0.31449217 0
11.58 0.31902062 406.13141 0.31428205 0
11.59 2.0539613 408.15206 0.31389285 0
11.6 3.729126 408.93449 0.31335941 0
11.61 4.9784813 408.03736 0.31273452 0
11.62 5.6640002 405.35323 0.31209024 0
11.63 5.8866203 401.69179 0.31152061 0
11.64 5.9321289 398.38526 0.31113449 0
11.65 6.0957262 396.29803 0.31103702 0
11.66 6.3914435 395.55182 0.31130648 0
11.67 6.54129 396.03958 0.31197357 0
11.68 6.2845192 397.46506 0.31300575 0
11.69 5.5981075 398.98029 0.31430048 0
11.7 4.6490224 399.65713 0.31569819 0
11.71 3.6797917 399.25333 0.31702319 0
11.72 2.992323 398.05172 0.31814076 0
11.73 2.8509138 396.37065 0.31900575 0
11.74 3.218608 394.50999 0.31967786 0
11.75 3.734176 392.71975 0.32029405 0
11.76 4.0440651 391.03931 0.32101635 0
11.77 3.9775723 389.37455 0.32197717 0
11.78 3.4450014 387.71892 0.3232311 0
11.79 2.41071 386.09216 0.32472474 0
11.8 0.96842216 384.23179 0.32630279 0
11.81 -0.6031305 381.58688 0.32775785 0
11.82 -1.8360876 377.83761 0.32890619 0
11.83 -2.2950957 373.33348 0.32965218 0
11.84 -1.9234929 368.8187 0.3300108 0
11.85 -1.0437087 364.82785 0.33008671 0
11.86 -0.031553594 361.47017 0.33002795 0
11.87 0.8787251 358.54347 0.32998101 0
11.88 1.5921351 355.77406 0.33006717 0
11.89 2.1136186 353.0039 0.3303721 0
11.9 2.4442532 350.0767 0.3309329 0
11.91 2.4979188 346.88121 0.33172907 0
11.92 2.1809114 343.57319 0.33268516 0
11.93 1.5382026 340.37477 0.33368523 0
11.94 0.79890821 337.34516 0.3346025 0
11.95 0.23283795 334.4113 0.33533623 0
11.96 -0.061160946 331.29735 0.33583294 0
11.97 -0.17315591 327.70577 0.33608858 0
11.98 -0.21524718 323.75012 0.33614547 0
11.99 -0.21798696 319.81237 0.33607929 0
12 -0.12447121 316.32296 0.33597299 0
12.01 0.22758274 313.99762 0.3358992 0
12.02 0.99608974 313.31874 0.33591702 0
12.03 2.0488676 313.77455 0.33606942 0
12.04 2.9192432 314.60442 0.33638245 0
12.05 3.2156159 315.66401 0.33686714 0
12.06 3.0049116 316.90787 0.33751819 0
12.07 2.6938429 318.01881 0.33831904 0
12.08 2.6198619 318.91002 0.33925706 0
12.09 2.8165224 319.93837 0.34033425 0
12.1 3.0702926 321.61785 0.3415598 0
12.11 3.1096323 324.18034 0.34292354 0
12.12 2.7233195 327.22902 0.34436502 0
12.13 1.8632473 330.10353 0.34576619 0
12.14 0.80907721 332.53839 0.34698753 0
12.15 0.043509238 334.56724 0.3479216 0
12.16 -0.21494887 335.92307 0.34851085 0
12.17 -0.21568347 335.97077 0.34872667 0
12.18 -0.31652782 334.397 0.3485588 0
12.19 -0.48244929 331.66418 0.34803912 0
12.2 -0.24681969 328.57944 0.34727039 0
12.21 0.72889183 325.65795 0.34642183 0
12.22 2.1159465 323.08516 0.34568705 0
12.23 3.1267658 321.16102 0.34522973 0
12.24 3.285566 320.43501 0.34514605 0
12.25 2.8494972 321.16128 0.34545752 0
12.26 2.4573383 322.7736 0.34613066 0
12.27 2.490248 324.16478 0.34710453 0
12.28 2.8167331 324.50968 0.34830191 0
12.29 3.0789832 323.6369 0.34962775 0
12.3 3.099024 321.64509 0.350982 0
12.31 2.9593579 318.76319 0.35228844 0
12.32 2.7996885 315.70802 0.35351289 0
12.33 2.6451981 313.31233 0.35465644 0
12.34 2.4103008 311.67915 0.35573532 0
12.35 2.0107002 310.32017 0.35676765 0
12.36 1.4680206 308.81389 0.35777404 0
12.37 0.916777 306.95898 0.35877949 0
12.38 0.52232065 304.70806 0.35980789 0
12.39 0.37215629 302.0929 0.3608792 0
12.4 0.36530236 299.08369 0.36201435 0
12.41 0.22442868 295.69117 0.36323291 0
12.42 -0.28222597 292.23909 0.36453684 0
12.43 -1.1429268 289.29852 0.36589915 0
12.44 -2.1711147 287.19014 0.36726899 0
12.45 -3.199041 285.64807 0.36858448 0
12.46 -4.1235613 284.24071 0.3697857 0
12.47 -4.8607768 282.9969 0.37082733 0
12.48 -5.389673 282.32397 0.37168566 0
12.49 -5.7696197 282.41511 0.37235212 0
12.5 -6.0358115 282.92686 0.37281992 0
12.51 -6.1559957 283.36129 0.37308142 0
12.52 -6.0951849 283.63384 0.37313677 0
12.53 -5.8337552 283.87805 0.37300183 0
12.54 -5.3652129 284.0443 0.37270971 0
12.55 -4.7416913 284.28578 0.37230327 0
12.56 -4.0593174 285.02496 0.37182414 0
12.57 -3.3994882 286.18669 0.37131116 0
12.58 -2.8279317 287.21954 0.37080648 0
12.59 -2.3841889 287.8782 0.37035605 0
12.6 -2.0628273 288.41463 0.36999931 0
12.61 -1.8445749 289.23241 0.36975706 0
12.62 -1.7076032 290.62632 0.36962859 0
12.63 -1.6266028 292.80529 0.36959578 0
12.64 -1.6073837 295.7552 0.36962953 0
12.65 -1.6910232 298.78172 0.36969483 0
12.66 -1.9008154 300.92826 0.36974763 0
12.67 -2.1940372 302.09045 0.36973085 0
12.68 -2.4735759 302.88804 0.36958727 0
12.69 -2.6700601 303.80377 0.36927875 0
12.7 -2.8142207 305.18979 0.36878842 0
12.71 -2.9475851 307.44185 0.36811201 0
12.72 -2.9455039 310.49323 0.36725928 0
12.73 -2.6156708 313.53495 0.3662656 0
12.74 -2.0414274 315.77614 0.36519558 0
12.75 -1.6089436 317.16089 0.36412583 0
12.76 -1.5971382 318.0736 0.36311332 0
12.77 -1.8863122 318.88551 0.36216857 0
12.78 -2.1060872 319.9094 0.36125239 0
12.79 -1.9649739 321.36322 0.36029637 0
12.8 -1.4315027 323.32402 0.35922794 0
12.81 -0.65321157 325.90485 0.35798941 0
12.82 0.22031811 329.21401 0.35655087 0
12.83 1.1128119 332.87262 0.35491666 0
12.84 2.0362014 336.06163 0.35313106 0
12.85 2.9877673 338.22674 0.35128129 0
12.86 3.7456774 339.30028 0.34948425 0
12.87 3.951147 339.42535 0.34785724 0
12.88 3.5012544 338.92234 0.34648692 0
12.89 2.6797647 338.33874 0.34540726 0
12.9 1.8252872 338.08308 0.34459472 0
12.91 1.0557445 338.04381 0.34398345 0
12.92 0.38412634 337.91077 0.34348645 0
12.93 -0.066453252 337.63667 0.34301048 0
12.94 -0.10239813 337.22163 0.34247459 0
12.95 0.28393516 336.53259 0.34183401 0
12.96 0.83770731 335.70164 0.34108592 0
12.97 1.346036 335.11138 0.34025118 0
12.98 1.8667572 334.77122 0.33935754 0
12.99 2.5084447 334.24576 0.33843969 0
13 3.1867061 333.26486 0.33754551 0
13.01 3.7225635 332.04478 0.33673152 0
13.02 4.0043844 330.92556 0.33604405 0
13.03 4.0227402 330.025 0.33549845 0
13.04 3.8720216 329.4594 0.33507021 0
13.05 3.7148496 329.39484 0.33470483 0
13.06 3.6910957 329.66643 0.33434188 0
13.07 3.8190825 329.88562 0.33394053 0
13.08 3.9759531 329.87494 0.33349542 0
13.09 4.0272107 329.64301 0.33303536 0
13.1 3.9499025 329.19348 0.33260874 0
13.11 3.8069344 328.53134 0.33227167 0
13.12 3.6531252 327.70673 0.33208155 0
13.13 3.4358908 326.82068 0.33208324 0
13.14 3.0113592 326.04063 0.33228235 0
13.15 2.3528571 325.5976 0.33262348 0
13.16 1.6985154 325.63615 0.33299916 0
13.17 1.3929355 326.03635 0.33329628 0
13.18 1.5571895 326.45891 0.33345512 0
13.19 1.9691276 326.49986 0.33350068 0
13.2 2.2890586 325.91176 0.33352639 0
13.21 2.3276519 324.90408 0.33364557 0
13.22 2.1061149 324.04792 0.33394097 0
13.23 1.7473453 323.73067 0.3344354 0
13.24 1.3326202 323.89483 0.33508861 0
13.25 0.88665979 324.27514 0.33581378 0
13.26 0.49159324 324.6464 0.33650803 0
13.27 0.30031089 324.85271 0.33709111 0
13.28 0.36813221 324.80485 0.3375375 0
13.29 0.54402415 324.60039 0.33788029 0
13.3 0.61710095 324.57441 0.33818233 0
13.31 0.52369328 325.05074 0.33849982 0
13.32 0.32810938 326.04002 0.33886441 0
13.33 0.082538452 327.21847 0.33928503 0
13.34 -0.19041761 328.1845 0.33975688 0
13.35 -0.45884788 328.79637 0.34026706 0
13.36 -0.70666836 329.19436 0.34079672 0
13.37 -0.93579875 329.49478 0.34132397 0
13.38 -1.1240913 329.70613 0.34182458 0
13.39 -1.2453874 329.86118 0.34227271 0
13.4 -1.2987844 330.04594 0.34265113 0
13.41 -1.2782335 330.41315 0.34296289 0
13.42 -1.2042028 331.11054 0.34322738 0
13.43 -1.1745639 332.04913 0.34346618 0
13.44 -1.265046 332.86963 0.34369872 0
13.45 -1.4232891 333.28192 0.34394945 0
13.46 -1.5587433 333.30773 0.34425416 0
13.47 -1.6803912 333.11712 0.34465775 0
13.48 -1.8757211 332.90118 0.34520475 0
13.49 -2.2152821 332.91722 0.34592877 0
13.5 -2.711788 333.3325 0.34684436 0
13.51 -3.3042637 334.04235 0.34794352 0
13.52 -3.8912031 334.76254 0.34920583 0
13.53 -4.4383072 335.24804 0.35061752 0
13.54 -5.0182853 335.50425 0.3521766 0
13.55 -5.722197 335.75467 0.35387836 0
13.56 -6.5670112 336.14623 0.35569642 0
13.57 -7.493267 336.67022 0.35757155 0
13.58 -8.4323207 337.23675 0.35941115 0
13.59 -9.3284947 337.68493 0.36109631 0
13.6 -10.074077 337.92597 0.36249782 0
13.61 -10.496196 337.96398 0.36350735 0
13.62 -10.471473 337.77242 0.36407284 0
13.63 -10.045598 337.45832 0.36421425 0
13.64 -9.416781 337.22696 0.36401354 0
13.65 -8.7868491 336.91539 0.36358677 0
13.66 -8.2501504 336.11089 0.36304541 0
13.67 -7.8392252 334.80781 0.3624609 0
13.68 -7.5744671 333.39559 0.36185021 0
13.69 -7.387543 332.13713 0.36118645 0
13.7 -7.1118511 331.0749 0.36042301 0
13.71 -6.6415485 330.2347 0.35951975 0
13.72 -5.9810551 329.62004 0.35847037 0
13.73 -5.1352003 329.09091 0.35732482 0
13.74 -4.1417422 328.52212 0.35618646 0
13.75 -3.1978147 328.17984 0.3551778 0
13.76 -2.6009623 328.62833 0.35439765 0
13.77 -2.5155216 330.10745 0.35389157 0
13.78 -2.8199807 332.29836 0.35364313 0
13.79 -3.2256886 334.59753 0.35358897 0
13.8 -3.5195597 336.3022 0.35365005 0
13.81 -3.6886602 336.88523 0.35376037 0
13.82 -3.8654835 336.35817 0.35388281 0
13.83 -4.1342456 335.17214 0.354015 0
13.84 -4.4178914 333.92753 0.35418462 0
13.85 -4.6340207 333.29062 0.35442768 0
13.86 -4.8682192 333.63088 0.35475509 0
13.87 -5.2515389 334.44088 0.3551224 0
13.88 -5.7306105 334.56827 0.35542041 0
13.89 -6.0460335 333.2223 0.35550087 0
13.9 -5.8778992 330.54593 0.35523054 0
13.91 -4.9937879 327.38255 0.35454555 0
13.92 -3.3388875 324.86157 0.35348476 0
13.93 -1.0981888 324.02064 0.35219398 0
13.94 1.2382877 325.22851 0.35089117 0
13.95 2.9535164 327.93947 0.3498002 0
13.96 3.5220759 331.39053 0.34908761 0
13.97 3.0395941 335.18522 0.3488265 0
13.98 2.0284665 338.86266 0.34899064 0
13.99 0.89514407 341.76559 0.34947585 0
14 -0.1592324 343.80413 0.35013292 0
14.01 -0.90691333 345.51236 0.35079366 0
14.02 -1.135663 347.0636 0.35129528 0
14.03 -0.88749774 347.83079 0.35151633 0
14.04 -0.44852655 347.04061 0.35140931 0
14.05 -0.030383506 344.58072 0.35100682 0
14.06 0.45209575 341.03224 0.35040407 0
14.07 1.1783134 336.91453 0.34972976 0
14.08 2.0565435 332.30158 0.34910932 0
14.09 2.7068468 327.45867 0.34862905 0
14.1 2.845037 323.29085 0.34831229 0
14.11 2.649964 320.70262 0.34811587 0
14.12 2.6175043 319.72027 0.34795339 0
14.13 2.9423806 319.49979 0.34774157 0
14.14 3.2566867 319.2029 0.34744665 0
14.15 3.1338231 318.69569 0.34709953 0
14.16 2.6009774 318.34624 0.34677119 0
14.17 1.9832665 318.39887 0.34653224 0
14.18 1.444763 318.95951 0.3464239 0
14.19 0.90064622 320.24628 0.34644606 0
14.2 0.25914144 322.02337 0.34655625 0
14.21 -0.49471947 323.45987 0.34668074 0
14.22 -1.3769519 324.32386 0.34673438 0
14.23 -2.3157708 325.18508 0.34663507 0
14.24 -3.030624 326.0302 0.34631798 0
14.25 -3.2581887 326.10007 0.34575923 0
14.26 -3.1346782 325.3934 0.34499145 0
14.27 -3.1241418 325.05054 0.34408902 0
14.28 -3.4759168 325.93684 0.34312889 0
14.29 -3.9786309 327.733 0.34215593 0
14.3 -4.2970622 329.58174 0.34117502 0
14.31 -4.3134885 330.96162 0.34016688 0
14.32 -4.1902114 332.00278 0.33910648 0
14.33 -4.2263389 333.51607 0.33796902 0
14.34 -4.5361613 336.17509 0.33672806 0
14.35 -4.9028918 339.38551 0.33535889 0
14.36 -4.9935622 341.94071 0.33385054 0
14.37 -4.5884153 343.39596 0.33221773 0
14.38 -3.6630367 343.94946 0.33050613 0
14.39 -2.345577 344.18 0.32878584 0
14.4 -0.78614516 345.26871 0.32712804 0
14.41 0.83799583 347.90879 0.32557531 0
14.42 2.2199074 351.08238 0.32413304 0
14.43 3.0311014 353.25157 0.32278629 0
14.44 3.244439 354.30198 0.32151026 0
14.45 3.273627 355.65372 0.32026065 0
14.46 3.5975329 358.82213 0.31896262 0
14.47 4.2822435 363.68256 0.31752188 0
14.48 5.0512355 368.42124 0.31586239 0
14.49 5.6587244 371.61018 0.31396199 0
14.5 5.9751447 373.38192 0.31186131 0
14.51 5.9511356 374.56171 0.30965656 0
14.52 5.7642081 375.94283 0.30748471 0
14.53 5.7682375 378.33911 0.30549726 0
14.54 6.0080818 382.19487 0.30382673 0
14.55 5.9292806 387.08624 0.30255345 0
14.56 4.9731128 392.38514 0.30168116 0
14.57 3.4834283 398.0522 0.30113309 0
14.58 2.4964996 404.01904 0.30077545 0
14.59 2.5342618 409.68 0.30046033 0
14.6 3.1641833 414.69247 0.3000663 0
14.61 3.766169 419.03906 0.2995226 0
14.62 4.1490356 422.21519 0.29881751 0
14.63 4.3590647 423.69152 0.29798918 0
14.64 4.3400967 423.55851 0.29709831 0
14.65 3.9681975 422.027 0.29619711 0
14.66 3.2877644 419.27907 0.29531558 0
14.67 2.5670844 415.70613 0.2944715 0
14.68 2.0547071 411.54638 0.29368997 0
14.69 1.7673994 406.74803 0.29301452 0
14.7 1.6218732 401.51447 0.29250445 0
14.71 1.6240838 396.50401 0.29221856 0
14.72 1.7897601 392.19071 0.29219328 0
14.73 2.0722096 388.34764 0.29243073 0
14.74 2.4655205 384.53676 0.29290023 0
14.75 3.0020024 380.82301 0.29354107 0
14.76 3.7195081 377.8067 0.29426454 0
14.77 4.7612114 376.10021 0.29496836 0
14.78 6.2701646 375.49231 0.29557305 0
14.79 8.1188066 374.81655 0.29606591 0
14.8 9.9678553 373.17417 0.29652059 0
14.81 11.562987 370.76343 0.29707894 0
14.82 12.815384 368.22175 0.29790852 0
14.83 13.656952 365.89576 0.2991507 0
14.84 13.982959 363.80699 0.3008748 0
14.85 13.736544 361.67404 0.30305539 0
14.86 12.940601 358.9775 0.30557832 0
14.87 11.680942 355.38964 0.30826962 0
14.88 10.200161 351.04973 0.31094045 0
14.89 8.9674505 346.25421 0.31344097 0
14.9 8.3911304 341.21811 0.31570638 0
14.91 8.4183262 336.29633 0.31777093 0
14.92 8.645898 331.89283 0.31974329 0
14.93 8.7781123 328.01457 0.32176469 0
14.94 8.7663059 324.36832 0.32397459 0
14.95 8.6050358 320.75266 0.32649251 0
14.96 8.1978559 317.0301 0.32940672 0
14.97 7.4026589 313.01998 0.33275707 0
14.98 6.1110305 308.84404 0.3365107 0
14.99 4.3107309 305.32533 0.34054005 0
15 2.1668391 303.43922 0.34462113 0
15.01 0.12077608 302.97175 0.348477 0
15.02 -1.1726298 302.38231 0.35186772 0
15.03 -1.3131656 300.63376 0.35467506 0
15.04 -0.63048708 298.40219 0.35692056 0
15.05 0.085367707 296.87045 0.35871561 0
15.06 0.35771188 296.27502 0.36019212 0
15.07 0.33515486 296.11956 0.36145579 0
15.08 0.38961313 295.8272 0.36257517 0
15.09 0.63141737 294.88151 0.36359397 0
15.1 0.89387449 293.14352 0.36454339 0
15.11 1.0148627 291.12905 0.36544281 0
15.12 0.9857374 289.50937 0.36629996 0
15.13 0.89017956 288.48889 0.36711981 0
15.14 0.74845741 287.89023 0.36791321 0
15.15 0.45906833 287.62987 0.36869257 0
15.16 -0.076923868 287.94485 0.36946009 0
15.17 -0.8533937 289.2288 0.37020265 0
15.18 -1.7905655 291.69864 0.37089498 0
15.19 -2.8089003 295.15377 0.37150459 0
15.2 -3.8521393 299.11315 0.37199579 0
15.21 -4.8333922 303.24283 0.37233556 0
15.22 -5.6102427 307.50416 0.37250126 0
15.23 -6.0661284 311.79546 0.37248331 0
15.24 -6.1846721 315.61026 0.3722825 0
15.25 -6.0203452 318.32986 0.37190952 0
15.26 -5.623181 319.84655 0.37138936 0
15.27 -5.0166317 320.63922 0.37076733 0
15.28 -4.2614233 321.25426 0.3701043 0
15.29 -3.4979432 321.85261 0.36945225 0
15.3 -2.855793 322.15145 0.36882635 0
15.31 -2.3499619 321.71125 0.36819815 0
15.32 -1.9140456 320.31488 0.36751211 0
15.33 -1.460009 318.13964 0.36671077 0
15.34 -0.8689843 315.61215 0.36575698 0
15.35 -0.033668255 313.0477 0.36464966 0
15.36 1.0188514 310.48066 0.36342841 0
15.37 2.1114792 307.83549 0.36216475 0
15.38 3.0864131 305.15671 0.36094368 0
15.39 3.8907239 302.72525 0.35984147 0
15.4 4.4476336 300.88249 0.35890432 0
15.41 4.6277158 299.66976 0.35813178 0
15.42 4.428515 298.81404 0.35747276 0
15.43 4.0485273 298.09916 0.35684407 0
15.44 3.7211423 297.53008 0.35616578 0
15.45 3.5319602 297.12972 0.35539236 0
15.46 3.3929476 296.81927 0.35452082 0
15.47 3.15246 296.51038 0.3535733 0
15.48 2.7690589 296.25128 0.35257071 0
15.49 2.39412 296.28617 0.3515209 0
15.5 2.2542669 296.8352 0.35042749 0
15.51 2.4811369 297.76895 0.34930457 0
15.52 3.0445873 298.63637 0.34818049 0
15.53 3.7555334 299.05681 0.34708645 0
15.54 4.3666956 298.92282 0.34604189 0
15.55 4.7896979 298.2001 0.34505083 0
15.56 5.1568726 296.83667 0.34410755 0
15.57 5.6198251 294.98386 0.3432021 0
15.58 6.1871047 293.01256 0.34232491 0
15.59 6.7621598 291.1765 0.34147023 0
15.6 7.2840841 289.46267 0.34063425 0
