0 0 0 0.839881 0
0.01 0 0 0.839881 0
0.02 0 0 0.839881 0
0.03 0 0 0.839881 0
0.04 0 0 0.839881 0
0.05 0 0 0.839881 0
0.06 0 0 0.839881 0
0.07 0 0 0.839881 0
0.08 0 0 0.839881 0
0.09 0 0 0.839881 0
0.1 0 0 0.839881 0
0.11 0 0 0.839881 0
0.12 0 0 0.839881 0
0.13 0 0 0.839881 0
0.14 0 0 0.839881 0
0.15 0 0 0.839881 0
0.16 0 0 0.839881 0
0.17 0 0 0.839881 0
0.18 0 0 0.839881 0
0.19 0 0 0.839881 0
0.2 0 0 0.839881 0
0.21 0 0 0.839881 0
0.22 0 0 0.839881 0
0.23 0 0 0.839881 0
0.24 0 0 0.839881 0
0.25 0 0 0.839881 0
0.26 0 0 0.839881 0
0.27 0 0 0.839881 0
0.28 0 0 0.839881 0
0.29 0 0 0.839881 0
0.3 0 0 0.839881 0
0.31 0 0 0.839881 0
0.32 0 0 0.839881 0
0.33 0 0 0.839881 0
0.34 0 0 0.839881 0
0.35 0 0 0.839881 0
0.36 0 0 0.839881 0
0.37 0 0 0.83988101 0
0.38 0 0 0.83988101 0
0.39 0 0 0.83988101 0
0.4 0 0 0.83988101 0
0.41 0 0 0.839881 0
0.42 0 0 0.83988099 0
0.43 0 0 0.83988096 0
0.44 0 0 0.83988092 0
0.45 0 0 0.83988088 0
0.46 0 0 0.83988086 0
0.47 0 0 0.8398809 0
0.48 0 0 0.83988106 0
0.49 0 0 0.83988141 0
0.5 0 0 0.839882 0
0.51 0 0 0.83988277 0
0.52 0 0 0.8398835 0
0.53 0 0 0.83988362 0
0.54 0 0 0.8398822 0
0.55 0 0 0.83987798 0
0.56 0 0 0.83986974 0
0.57 0 0 0.83985712 0
0.58 0 0 0.83984218 0
0.59 0 0 0.83983135 0
0.6 0 0 0.83983757 0
0.61 0 0 0.83988103 0
0.62 0 0 0.83998629 0
0.63 0 0 0.84017245 0
0.64 0 0 0.84043294 0
0.65 0 0 0.84070318 0
0.66 0 0 0.84082045 0
0.67 0 0 0.84049046 0
0.68 0 0 0.83929271 0
0.69 0 0 0.83677574 0
0.7 0 0 0.83270813 0
0.71 20.983195 92.771552 0.82754292 0
0.72 33.269421 172.91518 0.82272757 0
0.73 23.162212 205.4144 0.8200978 0
0.74 -7.2521215 203.23193 0.82072917 0
0.75 -40.10191 211.42729 0.82456118 0
0.76 -60.343318 247.76785 0.83079462 0
0.77 -66.679699 306.17317 0.83825774 0
0.78 -69.878742 362.49895 0.84572853 0
0.79 -78.364584 394.02431 0.85230977 0
0.8 -90.121513 411.42151 0.85756456 0
0.81 -100.03163 439.58456 0.8613923 0
0.82 -106.47831 482.40502 0.86389291 0
0.83 -109.87761 530.02259 0.8652868 0
0.84 -110.29957 576.56766 0.86585255 0
0.85 -107.83076 618.5884 0.86588378 0
0.86 -103.18898 651.8595 0.86565888 0
0.87 -97.33823 674.60413 0.86541612 0
0.88 -91.084597 688.26103 0.86533764 0
0.89 -84.948571 694.90525 0.86554452 0
0.9 -79.124405 695.65955 0.86609743 0
0.91 -73.565782 691.01407 0.86699919 0
0.92 -68.141583 681.86841 0.86820425 0
0.93 -62.748672 669.70498 0.86963784 0
0.94 -57.336919 655.75349 0.87121791 0
0.95 -51.906926 640.65781 0.87287255 0
0.96 -46.539836 625.16715 0.87454827 0
0.97 -41.352145 610.48853 0.87620864 0
0.98 -36.378453 597.58599 0.87783012 0
0.99 -31.578966 586.71383 0.87940217 0
1 -26.922542 577.84488 0.88092904 0
1.01 -22.386145 570.98348 0.88242948 0
1.02 -17.950154 565.95134 0.8839343 0
1.03 -13.634812 562.30137 0.88548034 0
1.04 -9.5155134 559.55891 0.88709887 0
1.05 -5.6743967 557.51265 0.88880525 0
1.06 -2.0801427 556.35173 0.89060216 0
1.07 1.4415209 556.37981 0.89249877 0
1.08 5.0269246 557.54718 0.89452921 0
1.09 8.5937818 559.44066 0.8967501 0
1.1 11.908795 561.70953 0.89921424 0
1.11 14.826155 564.40683 0.90194294 0
1.12 17.433789 567.91965 0.90492 0
1.13 19.989803 572.57042 0.90810757 0
1.14 22.721442 578.40728 0.9114704 0
1.15 25.674347 585.45239 0.91499424 0
1.16 28.737139 593.81913 0.91869084 0
1.17 31.729317 603.49705 0.92259115 0
1.18 34.456593 614.42876 0.92672805 0
1.19 36.809036 626.71236 0.93111441 0
1.2 38.900284 640.30511 0.93573067 0
1.21 41.074174 654.54323 0.94052668 0
1.22 43.655668 668.21294 0.94542681 0
1.23 46.726382 680.35361 0.95033052 0
1.24 50.239093 691.05391 0.95511572 0
1.25 54.177375 701.26372 0.95965529 0
1.26 58.557648 711.66993 0.96384471 0
1.27 63.484273 721.68967 0.96762557 0
1.28 69.128175 729.55573 0.97099065 0
1.29 75.499246 733.38901 0.97397037 0
1.3 82.340843 732.23982 0.97661326 0
1.31 89.273069 726.15382 0.97897395 0
1.32 95.928087 714.91004 0.98111462 0
1.33 102.00858 696.98783 0.98311088 0
1.34 107.25297 671.01562 0.98504307 0
1.35 111.31788 637.66337 0.98697714 0
1.36 113.88146 598.64399 0.98895892 0
1.37 114.90219 554.76418 0.9910231 0
1.38 114.5155 505.69898 0.99320204 0
1.39 112.41498 450.6468 0.99552901 0
1.4 107.41764 389.06287 0.99803086 0
1.41 98.339535 321.632 1.0007014 0
1.42 85.97184 250.826 1.0034665 0
