0 -0.60973056 58.739392 0.28985303 0
0.01 11.985482 73.68657 0.29191554 0
0.02 17.542939 89.099226 0.29596317 0
0.03 14.229421 110.18183 0.30314741 0
0.04 6.5446655 145.68705 0.31324375 0
0.05 0.91495045 196.58142 0.32476686 0
0.06 0.84999756 247.51328 0.33574476 0
0.07 5.8188443 280.18553 0.3447728 0
0.08 12.454279 294.81562 0.35160858 0
0.09 16.976402 308.1509 0.35691331 0
0.1 18.075243 332.98839 0.36154625 0
0.11 17.340179 367.516 0.36605494 0
0.12 16.721939 401.98826 0.37058674 0
0.13 16.508878 429.97008 0.37504812 0
0.14 15.947161 451.6983 0.37927267 0
0.15 14.749127 469.53725 0.38310936 0
0.16 13.249454 484.23455 0.38646071 0
0.17 11.636541 495.68323 0.38929282 0
0.18 9.8020255 504.13029 0.39161874 0
0.19 7.7697229 509.54623 0.39347237 0
0.2 5.8084386 511.89206 0.39489251 0
0.21 4.2592295 512.40258 0.39591862 0
0.22 3.4282203 513.03113 0.39659287 0
0.23 3.4060892 515.18197 0.39696452 0
0.24 3.9715993 519.4959 0.39708904 0
0.25 4.8022704 525.38595 0.39702076 0
0.26 5.5228195 530.9382 0.39681114 0
0.27 5.5246308 534.36844 0.39651475 0
0.28 4.4023596 535.11219 0.39618924 0
0.29 2.7980462 533.50914 0.39588668 0
0.3 1.9155734 530.16191 0.3956466 0
0.31 1.8390496 525.62499 0.39548761 0
0.32 1.2939949 520.56573 0.39539062 0
0.33 -0.77654827 515.74951 0.39529038 0
0.34 -4.2644055 511.33638 0.39509191 0
0.35 -8.2006982 506.72774 0.3946974 0
0.36 -11.296234 501.06066 0.39402447 0
0.37 -12.82468 492.90231 0.39301305 0
0.38 -13.448326 480.60739 0.39162514 0
0.39 -14.474925 464.52645 0.38984212 0
0.4 -16.129641 447.61065 0.38766298 0
0.41 -17.313121 432.82087 0.3851053 0
0.42 -17.168525 421.18184 0.38220162 0
0.43 -16.076192 412.51543 0.37898524 0
0.44 -14.906163 406.11312 0.37547953 0
0.45 -14.098973 400.33518 0.37170449 0
0.46 -13.691498 393.5301 0.36769729 0
0.47 -13.543699 385.7477 0.36352911 0
0.48 -13.335259 378.27749 0.3592981 0
0.49 -12.7337 371.88101 0.35510544 0
0.5 -11.626794 366.6018 0.3510396 0
0.51 -9.9461735 362.85672 0.34717483 0
0.52 -7.5020622 361.24312 0.34357427 0
0.53 -4.4723192 361.3694 0.34028982 0
0.54 -1.7243088 362.46975 0.33734928 0
0.55 -0.17660004 364.2572 0.33472277 0
0.56 -0.16086759 365.83995 0.3322864 0
0.57 -1.5169945 365.47312 0.32982719 0
0.58 -3.8656779 361.76622 0.32711041 0
0.59 -6.6912981 354.26317 0.32398288 0
0.6 -9.3789014 343.83261 0.32045475 0
0.61 -11.227473 332.75569 0.31670912 0
0.62 -11.514813 323.58897 0.31303799 0
0.63 -9.9748464 317.80061 0.30974277 0
0.64 -7.3422108 315.49788 0.30703846 0
0.65 -4.986861 316.04802 0.30498517 0
0.66 -3.938439 318.14064 0.30345804 0
0.67 -4.3693879 319.57061 0.30218042 0
0.68 -5.7325941 318.40825 0.30083234 0
0.69 -7.2425847 314.36113 0.29917577 0
0.7 -8.2608769 308.50887 0.29712999 0
0.71 -8.3910379 302.4708 0.2947929 0
0.72 -7.5259768 298.01678 0.29241667 0
0.73 -5.879377 296.40184 0.2903293 0
0.74 -4.01428 297.42341 0.28882105 0
0.75 -2.7926242 299.58789 0.28804518 0
0.76 -2.805197 301.55725 0.28797086 0
0.77 -3.7189699 302.9787 0.28839916 0
0.78 -4.6372967 303.5919 0.28903948 0
0.79 -5.0840071 302.19226 0.28963798 0
0.8 -5.2809227 297.63865 0.29011355 0
0.81 -5.7000944 290.72185 0.29060534 0
0.82 -6.5827932 283.70391 0.29138377 0
0.83 -7.6183888 278.45408 0.29271089 0
0.84 -8.199199 276.01943 0.29474877 0
0.85 -8.2557472 276.63008 0.29751065 0
0.86 -8.4885486 279.09665 0.30083281 0
0.87 -9.5915712 281.07423 0.30439565 0
0.88 -11.516325 280.39947 0.30781602 0
0.89 -13.628459 276.45762 0.31076923 0
0.9 -15.442989 270.47792 0.3130592 0
0.91 -16.79409 264.42413 0.31461655 0
0.92 -17.439569 259.88149 0.31546449 0
0.93 -17.248722 257.37708 0.3156627 0
0.94 -16.616172 256.14715 0.3152441 0
0.95 -16.116683 255.42785 0.31418627 0
0.96 -15.894179 255.70321 0.31241786 0
0.97 -15.566046 257.71087 0.30985093 0
0.98 -14.576948 261.17499 0.30644921 0
0.99 -12.604147 265.22059 0.30229803 0
1 -9.854275 269.14355 0.29761776 0
1.01 -7.0398327 272.68027 0.29272203 0
1.02 -4.7830988 275.99318 0.28796876 0
1.03 -3.1213498 279.1311 0.28372539 0
1.04 -1.8739736 281.71901 0.28032371 0
1.05 -1.1950734 283.66425 0.27797464 0
1.06 -1.426104 285.59055 0.27666507 0
1.07 -2.6038354 288.21532 0.27611248 0
1.08 -4.2747152 291.72722 0.27583819 0
1.09 -5.5853942 295.55045 0.27534394 0
1.1 -5.6497178 298.62651 0.27430914 0
1.11 -4.2741454 300.51801 0.27270171 0
1.12 -2.2391768 301.984 0.27074107 0
1.13 -0.53639209 303.89965 0.26875803 0
1.14 0.45297861 305.9437 0.26706082 0
1.15 0.84464097 306.90847 0.26587016 0
1.16 0.67601472 306.18718 0.26529744 0
1.17 -0.26574588 304.35772 0.26532314 0
1.18 -2.0056867 302.31566 0.26578601 0
1.19 -3.8848303 300.4474 0.26642523 0
1.2 -4.9361321 298.74799 0.2669816 0
1.21 -4.8934217 297.29578 0.26730072 0
1.22 -4.3087463 296.27346 0.26737801 0
1.23 -3.7190539 295.69348 0.26734125 0
1.24 -3.3622784 295.38214 0.26739604 0
1.25 -3.4935862 295.06727 0.26775309 0
1.26 -4.3067245 294.45142 0.26856084 0
1.27 -5.6492393 293.4599 0.26986602 0
1.28 -7.1060437 292.43216 0.27160203 0
1.29 -8.196379 292.08758 0.27359775 0
1.3 -8.5088495 293.24263 0.27560717 0
1.31 -7.9580463 296.23429 0.27735663 0
1.32 -6.7665319 300.7016 0.27860784 0
1.33 -5.0980105 305.96531 0.2792241 0
1.34 -3.0892501 311.13391 0.27921302 0
1.35 -1.1041341 315.08553 0.27873327 0
1.36 0.44206541 317.02304 0.27806542 0
1.37 1.3971169 316.96225 0.27754621 0
1.38 1.8812307 315.63837 0.27748095 0
1.39 1.9737672 314.08984 0.27805721 0
1.4 1.529066 313.08615 0.27928566 0
1.41 0.52133691 312.86676 0.28099801 0
1.42 -0.7228574 313.35382 0.28290282 0
1.43 -1.8013344 314.41216 0.28466835 0
1.44 -2.3794489 315.88865 0.28600689 0
1.45 -2.2274613 317.31392 0.28674704 0
1.46 -1.4065987 317.99405 0.28688169 0
1.47 -0.16945759 317.85936 0.2865751 0
1.48 1.2079131 317.48849 0.28611505 0
1.49 2.3790427 317.07801 0.28582855 0
1.5 3.0750722 316.36821 0.28600929 0
1.51 3.2335862 315.4686 0.28687541 0
1.52 2.8851701 315.05762 0.28853726 0
1.53 2.1329159 315.9357 0.2909606 0
1.54 1.0630093 318.26754 0.29393456 0
1.55 -0.29255234 321.32708 0.29708375 0
1.56 -1.6077842 324.4606 0.29996124 0
1.57 -2.2248158 327.55896 0.302193 0
1.58 -1.6448327 330.27199 0.30360789 0
1.59 0.046035754 331.80357 0.30429874 0
1.6 1.9770062 331.49858 0.30458158 0
1.61 2.9708097 329.3846 0.30488131 0
1.62 2.5781879 326.32387 0.30560871 0
1.63 1.2386835 323.16048 0.30705887 0
1.64 -0.55773349 320.17614 0.30933901 0
1.65 -2.7216561 317.80825 0.31233791 0
1.66 -5.3225301 316.69306 0.31574891 0
1.67 -8.2816615 317.03323 0.31916179 0
1.68 -11.077999 318.691 0.32221591 0
1.69 -12.731046 321.22436 0.32475655 0
1.7 -12.587396 323.71921 0.32691766 0
1.71 -11.081551 325.30232 0.32908989 0
1.72 -9.390654 325.84679 0.33178433 0
1.73 -8.5135637 326.33123 0.3354387 0
1.74 -8.7771657 328.51611 0.34023416 0
1.75 -10.010784 333.16269 0.34600675 0
1.76 -11.887208 338.80732 0.35231334 0
1.77 -13.9363 343.64418 0.35861294 0
1.78 -15.618473 347.32001 0.36443692 0
1.79 -16.758922 349.84318 0.36946504 0
1.8 -17.634804 350.83605 0.37352307 0
1.81 -18.375541 350.6429 0.37655025 0
1.82 -18.585846 350.53704 0.37856996 0
1.83 -17.871361 351.16223 0.37967498 0
1.84 -16.460577 351.80296 0.38001723 0
1.85 -14.936888 351.90353 0.37978559 0
1.86 -13.564183 352.18136 0.37917188 0
1.87 -12.184602 353.49793 0.37834069 0
1.88 -10.66982 355.6866 0.37741122 0
1.89 -9.2310799 357.66901 0.37645018 0
1.9 -8.1456412 358.27038 0.37548105 0
1.91 -7.3482193 357.42236 0.37450753 0
1.92 -6.626146 356.16983 0.37353135 0
1.93 -6.0568767 355.01809 0.37255589 0
1.94 -5.8599708 353.53561 0.37158791 0
1.95 -5.9876656 351.75467 0.37064227 0
1.96 -6.2083757 350.48649 0.36973897 0
1.97 -6.3880431 350.27503 0.36888867 0
1.98 -6.4259118 350.8303 0.36807999 0
1.99 -6.1810936 351.19385 0.36728133 0
2 -5.6411985 350.34688 0.36645739 0
2.01 -4.9123566 348.15021 0.36558981 0
2.02 -4.0368251 345.55669 0.36468907 0
2.03 -3.064963 343.61567 0.36379089 0
2.04 -2.2127812 342.77213 0.36294216 0
2.05 -1.7008501 343.1878 0.36218778 0
2.06 -1.495609 345.0085 0.36156277 0
2.07 -1.3720589 348.08751 0.36108308 0
2.08 -1.1573112 351.61776 0.36073364 0
2.09 -0.83736675 354.37741 0.36046612 0
2.1 -0.51253516 355.51525 0.360215 0
2.11 -0.27217962 354.83406 0.35992442 0
2.12 -0.099825131 352.70924 0.35957164 0
2.13 0.049481091 350.00089 0.359176 0
2.14 0.091401218 347.44283 0.3587883 0
2.15 -0.18355357 345.33811 0.35846051 0
2.16 -0.93876825 344.11704 0.35820633 0
2.17 -2.159687 344.31075 0.35797753 0
2.18 -3.6727959 345.71301 0.35767279 0
2.19 -5.2693706 347.34898 0.35717158 0
2.2 -6.7724087 348.55419 0.3563745 0
2.21 -7.9819502 349.49664 0.35522976 0
2.22 -8.6608452 350.44255 0.35373343 0
2.23 -8.6107516 351.25232 0.35191101 0
2.24 -7.7262019 351.60933 0.34979691 0
2.25 -6.0452377 351.0043 0.34742362 0
2.26 -3.7870026 348.85108 0.34482824 0
2.27 -1.2206555 345.07552 0.34207215 0
2.28 1.4824975 340.23619 0.33925857 0
2.29 4.1214187 335.0919 0.33653832 0
2.3 6.3438419 330.11147 0.33409852 0
2.31 7.8150714 325.28503 0.33213285 0
2.32 8.3784043 320.69429 0.33080566 0
2.33 8.0758191 317.05774 0.3302221 0
2.34 7.1237832 315.21249 0.33040326 0
2.35 5.7926643 315.44851 0.33127123 0
2.36 4.3463795 317.57107 0.33266438 0
2.37 3.0852685 321.0679 0.33439073 0
2.38 2.1946683 325.21945 0.33629297 0
2.39 1.546627 329.41646 0.33828414 0
2.4 0.84310394 333.34221 0.34033728 0
2.41 -0.053670476 336.84657 0.34244984 0
2.42 -1.0112803 339.67971 0.34461104 0
2.43 -1.864414 341.47701 0.34678263 0
2.44 -2.6804325 342.28225 0.34888613 0
2.45 -3.5916296 342.68197 0.35079797 0
2.46 -4.4105071 343.04799 0.35237203 0
2.47 -4.7380519 343.325 0.3534935 0
2.48 -4.4497947 343.60355 0.35413185 0
2.49 -3.8008927 344.02883 0.35435689 0
2.5 -3.1250161 344.39431 0.35431033 0
2.51 -2.6541319 344.50021 0.35415533 0
2.52 -2.5399281 344.51014 0.35403084 0
2.53 -2.8247079 344.63768 0.3540253 0
2.54 -3.3746217 344.92054 0.35417356 0
2.55 -3.95729 345.40165 0.35446928 0
2.56 -4.413666 346.23253 0.35488045 0
2.57 -4.7269047 347.54133 0.35536427 0
2.58 -4.927795 349.26742 0.35588115 0
2.59 -4.9907248 351.2116 0.3564031 0
2.6 -4.8828323 353.31262 0.35691507 0
2.61 -4.6608475 355.68809 0.3574119 0
2.62 -4.4330173 358.19898 0.35789252 0
2.63 -4.2778886 360.23583 0.35835562 0
2.64 -4.2599634 361.27766 0.35880075 0
2.65 -4.4233736 361.41302 0.35922772 0
2.66 -4.7132046 361.06021 0.35963245 0
2.67 -5.0016876 360.52824 0.36000862 0
2.68 -5.2013589 360.03189 0.36035571 0
2.69 -5.2818935 359.67049 0.3606865 0
2.7 -5.2241298 359.1978 0.36103006 0
2.71 -5.0235882 358.25499 0.36142835 0
2.72 -4.7197788 356.90206 0.36192372 0
2.73 -4.4254715 355.59508 0.3625377 0
2.74 -4.306004 354.66478 0.3632525 0
2.75 -4.4094312 353.95806 0.36401277 0
2.76 -4.5527937 353.07693 0.36475282 0
2.77 -4.5623546 351.93372 0.36543244 0
2.78 -4.5318966 350.81904 0.3660554 0
2.79 -4.6507556 349.92504 0.36666173 0
2.8 -4.9407295 349.10208 0.36730481 0
2.81 -5.3186564 348.19362 0.36802616 0
2.82 -5.7598075 347.34221 0.36883744 0
2.83 -6.295018 346.75665 0.36971514 0
2.84 -6.923157 346.35215 0.37060283 0
2.85 -7.5781544 345.79898 0.37141655 0
2.86 -8.1423881 344.94038 0.37205915 0
2.87 -8.4611277 344.02451 0.37244859 0
2.88 -8.4410044 343.34403 0.37254742 0
2.89 -8.1939806 342.90021 0.37236954 0
2.9 -7.955303 342.60081 0.37195746 0
2.91 -7.8306633 342.46615 0.37134905 0
2.92 -7.749929 342.54859 0.37055725 0
2.93 -7.6211419 342.70768 0.36956896 0
2.94 -7.3937496 342.62587 0.36835284 0
2.95 -7.0187736 342.27814 0.36687228 0
2.96 -6.452319 342.02825 0.36510269 0
2.97 -5.6991541 341.98769 0.36304163 0
2.98 -4.7858937 341.58674 0.36070855 0
2.99 -3.6688424 340.08012 0.35814621 0
3 -2.2823042 337.49493 0.35542665 0
3.01 -0.71602343 334.60425 0.35264394 0
3.02 0.80579878 331.81702 0.34988589 0
3.03 2.157333 328.96336 0.34720614 0
3.04 3.4185505 326.22378 0.344622 0
3.05 4.7329834 324.11183 0.34214014 0
3.06 6.102632 322.6378 0.33979158 0
3.07 7.3566195 321.4208 0.33764985 0
3.08 8.3155398 320.34895 0.33582095 0
3.09 8.9369407 319.67338 0.33441596 0
3.1 9.2704735 319.70034 0.33352393 0
3.11 9.2809036 320.46923 0.33319375 0
3.12 8.8225099 321.6736 0.33342379 0
3.13 7.8476745 322.97606 0.33415384 0
3.14 6.503942 324.33675 0.33525317 0
3.15 5.0476837 325.94196 0.33651203 0
3.16 3.8544782 327.85378 0.33766934 0
3.17 3.3957655 329.70587 0.33849678 0
3.18 3.9118924 330.89562 0.33889966 0
3.19 5.0989026 331.32522 0.33895799 0
3.2 6.2609337 331.61201 0.33887386 0
3.21 6.8321295 332.26519 0.33887175 0
3.22 6.7449042 332.97183 0.33911908 0
3.23 6.252599 332.85435 0.33969108 0
3.24 5.4833978 331.12778 0.34056969 0
3.25 4.3471878 327.62919 0.34166151 0
3.26 2.9128814 323.47985 0.34282646 0
3.27 1.6076132 320.9335 0.34391215 0
3.28 0.83424365 321.44245 0.34478801 0
3.29 0.6336962 324.06722 0.34538072 0
3.3 0.69269418 326.36163 0.34570682 0
3.31 0.42116941 326.55842 0.34587852 0
3.32 -0.61115972 325.09472 0.34606576 0
3.33 -2.1015053 324.24833 0.34642131 0
3.34 -3.3811036 325.52079 0.34699946 0
3.35 -4.4268079 327.58906 0.3477229 0
3.36 -5.8358491 328.06172 0.34843078 0
3.37 -7.7193242 326.68558 0.34896846 0
3.38 -9.4511721 325.2708 0.3492439 0
3.39 -10.728157 324.7495 0.34921931 0
3.4 -12.076814 324.07081 0.34887491 0
3.41 -13.998141 322.31833 0.3481959 0
3.42 -16.149891 320.20278 0.34718782 0
3.43 -17.602337 318.81534 0.34589361 0
3.44 -17.755562 317.99719 0.34439405 0
3.45 -16.984029 316.50253 0.34279072 0
3.46 -16.267261 313.62943 0.34118569 0
3.47 -16.141218 310.29522 0.33966964 0
3.48 -16.17779 308.19582 0.33830925 0
3.49 -15.558814 308.04821 0.33712874 0
3.5 -14.061353 308.553 0.33610111 0
3.51 -12.258376 307.46453 0.33516986 0
3.52 -10.853974 304.27658 0.33429614 0
3.53 -10.156548 300.99762 0.33348628 0
3.54 -9.9456741 299.91021 0.33277252 0
3.55 -9.683473 301.48877 0.33217847 0
3.56 -9.1958631 304.46624 0.33170211 0
3.57 -8.9715912 307.19392 0.33131452 0
3.58 -9.5189295 308.58482 0.33097499 0
3.59 -10.690343 308.10678 0.33067286 0
3.6 -11.728372 306.13429 0.33047826 0
3.61 -11.873919 304.59161 0.33054707 0
3.62 -11.014217 305.92656 0.33105011 0
3.63 -9.7357115 311.02737 0.33207842 0
3.64 -8.7366792 318.59194 0.33359683 0
3.65 -8.3634341 326.14162 0.33545902 0
3.66 -8.6075342 331.54032 0.33746869 0
3.67 -9.2575601 334.15895 0.33946922 0
3.68 -10.104252 334.72073 0.34141006 0
3.69 -11.059898 334.25192 0.3433406 0
3.7 -11.942408 333.86475 0.34534436 0
3.71 -12.27352 335.02167 0.34746361 0
3.72 -11.655449 338.42951 0.34965558 0
3.73 -10.380587 342.93758 0.35180411 0
3.74 -9.4393147 346.87781 0.35376814 0
3.75 -9.8351561 349.83923 0.35540998 0
3.76 -11.811322 352.22408 0.35658779 0
3.77 -14.659714 353.85236 0.35716059 0
3.78 -17.331196 353.79442 0.35703094 0
3.79 -19.090144 351.58914 0.35619162 0
3.8 -19.430639 348.14931 0.35473804 0
3.81 -17.958775 345.03423 0.35284427 0
3.82 -14.957067 343.07664 0.3507256 0
3.83 -11.652001 342.19933 0.34860596 0
3.84 -9.4037567 342.46514 0.34668698 0
3.85 -8.6655549 344.40629 0.34510083 0
3.86 -8.860232 347.86549 0.34385075 0
3.87 -9.2026628 351.51401 0.34278428 0
3.88 -9.348056 354.04765 0.34164144 0
3.89 -9.1527756 354.70778 0.34016822 0
3.9 -8.3270968 352.75631 0.33824561 0
3.91 -6.8143907 348.19468 0.33596471 0
3.92 -5.2099095 342.70316 0.33358938 0
3.93 -4.2240475 338.46695 0.33142626 0
3.94 -3.8747454 336.29984 0.32970374 0
3.95 -3.7214914 335.35728 0.32853133 0
3.96 -3.7100382 334.27845 0.32790887 0
3.97 -4.2453578 332.14944 0.3277321 0
3.98 -5.4993101 328.58337 0.32780305 0
3.99 -7.0584549 323.75311 0.32787026 0
4 -8.3018529 318.39659 0.32767981 0
4.01 -8.8908359 313.23489 0.32701998 0
4.02 -8.8598946 308.78654 0.32576598 0
4.03 -8.3885141 305.77936 0.32391035 0
4.04 -7.4511819 304.71508 0.32156052 0
4.05 -5.751178 304.92207 0.31891439 0
4.06 -3.2727871 304.8808 0.31622947 0
4.07 -0.6122653 303.75754 0.31379318 0
4.08 1.662506 302.23208 0.31189782 0
4.09 3.5150061 301.61673 0.31081252 0
4.1 4.8785439 302.48805 0.31074087 0
4.11 5.1454367 304.29718 0.31176709 0
4.12 3.7306903 306.09203 0.31381299 0
4.13 0.84869426 307.62162 0.31663579 0
4.14 -2.5491679 309.55428 0.31987297 0
4.15 -5.2958008 312.48887 0.32311778 0
4.16 -6.4106167 316.25977 0.32600991 0
4.17 -5.5785453 320.2908 0.32831393 0
4.18 -3.5582194 324.07187 0.3299524 0
4.19 -1.7978506 327.4806 0.33098685 0
4.2 -1.3534187 330.89859 0.33156114 0
4.21 -2.2602367 334.44721 0.33183331 0
4.22 -3.6278679 337.57628 0.33193666 0
4.23 -4.035716 339.9863 0.33198108 0
4.24 -2.8628049 341.85883 0.33206075 0
4.25 -1.0899965 343.33131 0.33224583 0
4.26 0.41548324 344.70212 0.33257342 0
4.27 1.7561975 346.5291 0.33306212 0
4.28 2.5662341 349.40651 0.33372955 0
4.29 2.1241621 353.36854 0.33456534 0
4.3 0.5710826 357.00497 0.33549442 0
4.31 -1.4460487 358.41311 0.3364009 0
4.32 -3.4971377 357.13714 0.33718855 0
4.33 -5.220829 354.33243 0.33781882 0
4.34 -6.0701283 351.84821 0.33831912 0
4.35 -5.6677936 351.08349 0.33876576 0
4.36 -4.463212 351.74318 0.33924894 0
4.37 -3.595043 352.33816 0.33985038 0
4.38 -3.8861894 351.97298 0.34064143 0
4.39 -5.302489 350.63659 0.34167917 0
4.4 -7.3096151 348.4854 0.34298862 0
4.41 -9.3445617 345.89445 0.34453395 0
4.42 -10.993938 343.72558 0.34618987 0
4.43 -12.007381 342.87569 0.34774166 0
4.44 -12.203725 343.34253 0.34894392 0
4.45 -11.387015 343.96914 0.34963122 0
4.46 -9.6149942 343.56353 0.34981052 0
4.47 -7.5245121 342.06711 0.34966011 0
4.48 -5.9493511 340.43055 0.34944078 0
4.49 -5.1709624 339.94013 0.34938864 0
4.5 -4.7539663 341.61969 0.34964619 0
4.51 -4.063816 345.34188 0.35025257 0
4.52 -2.8964679 349.38429 0.35118429 0
4.53 -1.6103514 351.70632 0.3524185 0
4.54 -0.68349721 351.73739 0.35398569 0
4.55 -0.2898316 350.42432 0.35597794 0
4.56 -0.31497902 349.01276 0.35849957 0
4.57 -0.65278435 348.02516 0.36159337 0
4.58 -1.3895983 347.06443 0.36518993 0
4.59 -2.654062 345.56913 0.36910323 0
4.6 -4.3242902 343.5724 0.37307173 0
4.61 -5.9592171 341.61755 0.37682686 0
4.62 -7.0969477 340.05788 0.3801584 0
4.63 -7.6315171 338.79016 0.38295575 0
4.64 -7.8160866 337.72061 0.38522256 0
4.65 -7.942918 336.57978 0.38706922 0
4.66 -8.2053256 334.35443 0.38868275 0
4.67 -8.8500575 330.16486 0.39026898 0
4.68 -10.168529 324.6432 0.39197743 0
4.69 -12.178159 319.52208 0.39385007 0
4.7 -14.454558 316.00415 0.39582649 0
4.71 -16.404745 314.0873 0.39778652 0
4.72 -17.668552 313.09623 0.39959398 0
4.73 -18.309326 312.36739 0.40112635 0
4.74 -18.75703 311.75433 0.40228429 0
4.75 -19.450435 311.76596 0.40298302 0
4.76 -20.350503 312.98499 0.40314335 0
4.77 -20.893541 315.34859 0.4027014 0
4.78 -20.502883 318.35112 0.40163641 0
4.79 -19.076922 321.71556 0.39999063 0
4.8 -17.030963 325.17685 0.39785775 0
4.81 -15.028995 328.00509 0.39535165 0
4.82 -13.699405 329.67136 0.39258338 0
4.83 -13.37912 330.51293 0.38964937 0
4.84 -13.86254 331.01506 0.386621 0
4.85 -14.458316 331.22113 0.3835353 0
4.86 -14.513688 331.34736 0.38038833 0
4.87 -13.910852 331.79037 0.37713245 0
4.88 -13.038869 332.30094 0.37368891 0
4.89 -12.326333 332.41493 0.36998164 0
4.9 -11.804737 332.25631 0.36597226 0
4.91 -11.138834 332.00615 0.36167781 0
4.92 -10.049411 331.53608 0.35717148 0
4.93 -8.5942806 330.97911 0.3525665 0
4.94 -6.9835922 330.87214 0.34799059 0
4.95 -5.2733224 331.43412 0.3435675 0
4.96 -3.4324623 332.11104 0.3394096 0
4.97 -1.5220382 332.39672 0.33561451 0
4.98 0.43469639 332.77051 0.33225988 0
4.99 2.4860568 334.04912 0.32939359 0
5 4.4395148 336.10717 0.32702624 0
5.01 5.8357904 337.92295 0.32513838 0
5.02 6.3959961 338.65449 0.32370033 0
5.03 6.2652157 338.18807 0.32268973 0
5.04 5.8141772 336.97045 0.32209906 0
5.05 5.3574096 335.64476 0.32193038 0
5.06 4.9700426 334.56578 0.32217574 0
5.07 4.4420882 333.71024 0.32279282 0
5.08 3.4848384 333.22255 0.32368886 0
5.09 2.09762 333.51602 0.3247245 0
5.1 0.62793653 334.58448 0.32574662 0
5.11 -0.63094021 335.79836 0.32664012 0
5.12 -1.6969598 336.53601 0.32736994 0
5.13 -2.6848939 336.57861 0.32798478 0
5.14 -3.6145957 335.8852 0.32858003 0
5.15 -4.4432705 334.5286 0.32924778 0
5.16 -5.0335312 333.11067 0.33003804 0
5.17 -5.2135421 332.50232 0.33093396 0
5.18 -5.1209221 332.62498 0.33184601 0
5.19 -5.2854427 332.22126 0.33263638 0
5.2 -6.1672065 330.17826 0.33316541 0
5.21 -7.7401333 326.53795 0.33333324 0
5.22 -9.5377075 322.23514 0.3330979 0
5.23 -11.008213 318.18911 0.3324684 0
5.24 -11.791883 314.82264 0.33148309 0
5.25 -11.753252 312.28907 0.33018622 0
5.26 -11.017332 310.5609 0.32861373 0
5.27 -9.8802456 309.53992 0.32680146 0
5.28 -8.4490259 309.49538 0.32480816 0
5.29 -6.6354643 310.7301 0.32271883 0
5.3 -4.5661317 312.6419 0.32062225 0
5.31 -2.6804407 313.82436 0.31859742 0
5.32 -1.4254704 313.39271 0.31672446 0
5.33 -0.93176049 311.82853 0.31509174 0
5.34 -0.96565925 310.09599 0.31377778 0
5.35 -1.2507299 308.36482 0.31282744 0
5.36 -1.7298922 306.27036 0.31224537 0
5.37 -2.4239791 303.85149 0.31199742 0
5.38 -3.2346085 301.43786 0.31200336 0
5.39 -3.9604595 299.18182 0.31213908 0
5.4 -4.3389291 297.34079 0.31227453 0
5.41 -4.1230721 296.40921 0.31232557 0
5.42 -3.3246652 296.56417 0.31227647 0
5.43 -2.3216881 297.40527 0.31216666 0
5.44 -1.5713996 298.17018 0.31206186 0
5.45 -1.2489224 298.21373 0.3120283 0
5.46 -1.2668508 297.60893 0.31211412 0
5.47 -1.6150517 296.91508 0.31232228 0
5.48 -2.4269384 296.37184 0.31257879 0
5.49 -3.6434445 295.71835 0.31273336 0
5.5 -4.8708662 294.59991 0.31261817 0
5.51 -5.59939 293.17637 0.31213927 0
5.52 -5.482472 292.35723 0.31132975 0
5.53 -4.5625936 293.112 0.31032064 0
5.54 -3.2639462 295.56751 0.30926425 0
5.55 -2.0707052 298.95237 0.30827469 0
5.56 -1.2778841 302.28908 0.30741022 0
5.57 -0.99973633 304.8342 0.30668368 0
5.58 -1.1599073 306.1322 0.30608659 0
5.59 -1.5045502 306.14337 0.30561414 0
5.6 -1.8231275 305.14268 0.30527462 0
5.61 -2.0951295 303.6124 0.30508131 0
5.62 -2.4272051 302.30299 0.30503441 0
5.63 -2.9069963 301.63324 0.3051006 0
5.64 -3.4103835 301.31128 0.30521334 0
5.65 -3.6451027 301.22223 0.30530422 0
5.66 -3.4350293 301.81184 0.30533457 0
5.67 -2.8763211 303.14914 0.30529861 0
5.68 -2.3407271 304.46142 0.3052065 0
5.69 -2.1845109 304.99384 0.3050698 0
5.7 -2.3002856 304.90347 0.30489465 0
5.71 -2.3362608 304.80234 0.3046744 0
5.72 -2.3078424 304.60578 0.30438864 0
5.73 -2.4264249 303.61623 0.30402157 0
5.74 -2.5723592 301.80244 0.30357744 0
5.75 -2.5583701 300.07786 0.30306192 0
5.76 -2.5234298 299.08063 0.30245116 0
5.77 -2.5865727 298.44476 0.30169988 0
5.78 -2.6261189 297.51597 0.30079386 0
5.79 -2.6599382 296.14765 0.29979295 0
5.8 -2.9608455 294.54837 0.29882258 0
5.81 -3.7176394 292.91285 0.29802995 0
5.82 -4.8463554 291.43987 0.29754018 0
5.83 -6.0544684 290.40547 0.29742895 0
5.84 -6.998723 290.17423 0.2977142 0
5.85 -7.5195437 291.10463 0.29835623 0
5.86 -7.7015433 293.20315 0.29926122 0
5.87 -7.6324621 296.05349 0.30030347 0
5.88 -7.3259189 299.16545 0.30136578 0
5.89 -6.965863 302.15441 0.30237247 0
5.9 -6.9175281 304.92556 0.30330025 0
5.91 -7.3575117 307.90734 0.30416074 0
5.92 -8.0577425 311.75821 0.30495869 0
5.93 -8.6301866 316.7688 0.3056545 0
5.94 -8.9289352 322.40636 0.30616288 0
5.95 -9.0842973 327.31784 0.30639011 0
5.96 -9.1485385 330.29199 0.30628217 0
5.97 -8.9376908 331.36982 0.30585032 0
5.98 -8.3216336 331.5269 0.30516159 0
5.99 -7.5046884 331.33294 0.30430968 0
6 -6.8561434 330.53655 0.30339756 0
6.01 -6.4375199 329.05943 0.30254041 0
6.02 -5.8745233 327.79825 0.30185416 0
6.03 -4.9572185 327.8761 0.30141022 0
6.04 -4.1295277 329.23584 0.30119826 0
6.05 -3.8719337 330.69372 0.30114636 0
6.06 -3.9159335 331.37311 0.30118672 0
6.07 -3.6419542 331.41544 0.30130457 0
6.08 -2.9286971 331.4094 0.30153027 0
6.09 -2.2385153 331.60582 0.30189772 0
6.1 -2.0894336 331.79814 0.302417 0
6.11 -2.5880092 331.85974 0.30307673 0
6.12 -3.3668354 332.0022 0.30385271 0
6.13 -3.9407762 332.38302 0.30470547 0
6.14 -4.2071179 332.73256 0.30557835 0
6.15 -4.4902044 332.47974 0.30641199 0
6.16 -4.9912612 331.31079 0.30717307 0
6.17 -5.5501838 329.45704 0.30787499 0
6.18 -6.0504865 327.29061 0.30857663 0
6.19 -6.5176009 325.12345 0.30936883 0
6.2 -6.8085919 323.6666 0.31035224 0
6.21 -6.8049428 323.85855 0.31159607 0
6.22 -6.7951607 325.66058 0.31308978 0
6.23 -7.1060558 327.91933 0.3147313 0
6.24 -7.579464 329.64924 0.31636717 0
6.25 -7.8542767 330.32204 0.31784741 0
6.26 -7.8171105 329.45711 0.31906825 0
6.27 -7.4991524 327.17478 0.31999815 0
6.28 -6.964082 324.44765 0.32067288 0
6.29 -6.4009561 322.30482 0.3211647 0
6.3 -5.9979703 321.20959 0.32155411 0
6.31 -5.8105554 321.04918 0.32191234 0
6.32 -5.849705 321.67604 0.32228247 0
6.33 -6.112705 323.26901 0.32265789 0
6.34 -6.5697947 325.66289 0.32297495 0
6.35 -7.1750783 327.88695 0.32313662 0
6.36 -7.7783463 328.91337 0.32306237 0
6.37 -8.1076467 328.49035 0.32273296 0
6.38 -8.0010008 327.25635 0.32220071 0
6.39 -7.6450919 326.29915 0.32156024 0
6.4 -7.4542816 326.34933 0.32090007 0
6.41 -7.634342 327.26349 0.32027214 0
6.42 -7.9840027 328.37496 0.31969751 0
6.43 -8.2008082 329.2045 0.31918444 0
6.44 -8.2009164 329.93029 0.31873237 0
6.45 -8.1135441 331.19479 0.31832371 0
6.46 -8.0795734 333.26699 0.31791803 0
6.47 -7.9932224 335.72344 0.31746205 0
6.48 -7.5819488 337.86527 0.31691739 0
6.49 -6.8619029 339.06564 0.31629085 0
6.5 -6.191128 339.20946 0.31564387 0
6.51 -5.8159211 338.97289 0.31506971 0
6.52 -5.6284854 339.21607 0.31465769 0
6.53 -5.3166814 340.17888 0.31448096 0
6.54 -4.6745276 341.39991 0.31460934 0
6.55 -3.8490437 342.21053 0.31510717 0
6.56 -3.2134479 342.39759 0.31599409 0
6.57 -3.0465214 342.48474 0.31719332 0
6.58 -3.4437951 343.08309 0.31851101 0
6.59 -4.2070836 343.8834 0.31968804 0
6.6 -4.7195973 343.56444 0.32052458 0
6.61 -4.4510474 340.98703 0.32100141 0
6.62 -3.6146753 336.49875 0.3213081 0
6.63 -2.8893635 331.86973 0.32176773 0
6.64 -2.641756 328.92181 0.32272053 0
6.65 -2.7021688 328.27216 0.3244308 0
6.66 -2.713408 329.37981 0.32703384 0
6.67 -2.6304145 331.61661 0.33049868 0
6.68 -2.977946 334.89299 0.33459707 0
6.69 -4.4108234 338.90682 0.33891408 0
6.7 -6.779947 342.11344 0.34295746 0
6.71 -8.8488805 342.48613 0.34636014 0
6.72 -9.4049165 339.53918 0.34904733 0
6.73 -8.5693808 334.88162 0.35123603 0
6.74 -7.5516186 330.88886 0.35328506 0
6.75 -7.359908 329.26712 0.35550927 0
6.76 -8.2076772 330.20567 0.35804949 0
6.77 -9.7429878 332.25093 0.36084006 0
6.78 -11.358094 333.41951 0.36366175 0
6.79 -12.538154 332.81485 0.36622918 0
6.8 -13.120262 331.11939 0.36827591 0
6.81 -13.142221 329.55722 0.36962888 0
6.82 -12.632092 328.63945 0.37026123 0
6.83 -11.642844 328.27667 0.37030223 0
6.84 -10.310509 328.64277 0.36999244 0
6.85 -8.8940219 330.11706 0.36960365 0
6.86 -7.7843834 332.64314 0.36936354 0
6.87 -7.3125244 335.62724 0.36941001 0
6.88 -7.5095434 338.39197 0.36977646 0
6.89 -8.0668469 340.61628 0.37040254 0
6.9 -8.5304367 342.49726 0.37116514 0
6.91 -8.6742741 344.65251 0.37191599 0
6.92 -8.6828656 347.61694 0.37251049 0
6.93 -8.8408341 351.29559 0.37282901 0
6.94 -9.1517447 354.94796 0.37279848 0
6.95 -9.3443159 357.57163 0.37241092 0
6.96 -9.1140006 358.53188 0.37172488 0
6.97 -8.3297795 358.01477 0.37084673 0
6.98 -7.1526853 356.74037 0.36990269 0
6.99 -6.010124 355.48891 0.36900425 0
7 -5.3294371 354.78343 0.36821138 0
7.01 -5.1425437 354.56852 0.36751709 0
7.02 -5.0068398 354.61258 0.36686805 0
7.03 -4.5102775 355.09211 0.36620547 0
7.04 -3.7515846 356.02331 0.36549656 0
7.05 -3.079363 356.80491 0.36474376 0
7.06 -2.5416517 356.82332 0.36398034 0
7.07 -1.9274562 355.91493 0.36325941 0
7.08 -1.2450029 354.30873 0.36263889 0
7.09 -0.79304982 352.38676 0.36217052 0
7.1 -0.72743931 350.43243 0.36189699 0
7.11 -0.90511051 348.74107 0.3618494 0
7.12 -1.2189351 347.87375 0.36203953 0
7.13 -1.7204873 348.19282 0.3624506 0
7.14 -2.3888298 349.1005 0.36303631 0
7.15 -3.0953837 349.50544 0.36373554 0
7.16 -3.76487 349.08737 0.36449469 0
7.17 -4.4036868 348.45261 0.36527695 0
7.18 -5.0745873 348.12246 0.36605118 0
7.19 -5.8904201 348.11183 0.36677849 0
7.2 -6.8748209 348.47762 0.36741233 0
7.21 -7.8305187 349.37424 0.36790874 0
7.22 -8.484632 350.62976 0.36823925 0
7.23 -8.750735 351.85191 0.3683992 0
7.24 -8.7903933 352.81116 0.36840301 0
7.25 -8.8206262 353.70814 0.36827102 0
7.26 -8.8745538 354.78972 0.36802054 0
7.27 -8.8146339 355.47025 0.36766578 0
7.28 -8.565734 354.74399 0.36722207 0
7.29 -8.2261219 352.5637 0.36670535 0
7.3 -7.9504032 349.79454 0.36611946 0
7.31 -7.7476642 347.08247 0.36544071 0
7.32 -7.4042447 344.50506 0.36462467 0
7.33 -6.6734739 341.91425 0.36363917 0
7.34 -5.5275362 339.30605 0.36249269 0
7.35 -4.1800554 337.00253 0.36123375 0
7.36 -2.9424583 335.39754 0.35992724 0
7.37 -2.0884261 334.59643 0.35862606 0
7.38 -1.7233248 334.21299 0.35735835 0
7.39 -1.7034777 333.36339 0.35613834 0
7.4 -1.7544265 331.37773 0.3549875 0
7.41 -1.7118004 328.65614 0.35394601 0
7.42 -1.6151742 326.29903 0.35306443 0
7.43 -1.5796748 325.08106 0.35237924 0
7.44 -1.6155375 325.171 0.35189294 0
7.45 -1.6158627 326.41474 0.35157618 0
7.46 -1.5384322 328.409 0.3513846 0
7.47 -1.5009637 330.45585 0.3512697 0
7.48 -1.6271673 331.86922 0.35118083 0
7.49 -1.8825016 332.4558 0.35107154 0
7.5 -2.1152853 332.55448 0.350911 0
7.51 -2.2077067 332.65229 0.35068982 0
7.52 -2.171536 333.12655 0.35041443 0
7.53 -2.0956774 334.32266 0.35009241 0
7.54 -1.9959054 336.50822 0.34972153 0
7.55 -1.7963931 339.36037 0.34929551 0
7.56 -1.4708082 341.89331 0.34882348 0
7.57 -1.0999811 343.3763 0.34834552 0
7.58 -0.8028811 343.96724 0.34792709 0
7.59 -0.68596962 344.36781 0.34763217 0
7.6 -0.80499826 345.20055 0.34749037 0
7.61 -1.0859351 346.50666 0.34748064 0
7.62 -1.2973189 347.73229 0.34754834 0
7.63 -1.212368 348.39534 0.34764315 0
7.64 -0.85591302 348.50427 0.34774467 0
7.65 -0.46864926 348.28152 0.34786275 0
7.66 -0.21469755 347.96869 0.34802361 0
7.67 -0.095571994 347.85198 0.34825411 0
7.68 -0.094172012 348.09776 0.34857236 0
7.69 -0.23324172 348.56807 0.34898771 0
7.7 -0.53027671 348.91626 0.34950298 0
7.71 -0.96167784 348.97055 0.35011406 0
7.72 -1.4722231 348.88695 0.3508082 0
7.73 -2.0216932 348.80832 0.35156085 0
7.74 -2.5975708 348.73466 0.35233457 0
7.75 -3.1632548 348.71679 0.35308579 0
7.76 -3.6306013 348.8846 0.35377784 0
7.77 -3.9284764 349.39743 0.35438928 0
7.78 -4.0675183 350.25911 0.3549098 0
7.79 -4.0885528 351.12474 0.35533132 0
7.8 -3.9933703 351.61162 0.35564907 0
7.81 -3.7997062 351.62718 0.35586839 0
7.82 -3.6267258 351.19555 0.3560015 0
7.83 -3.6193659 350.36748 0.35605678 0
7.84 -3.7947548 349.32197 0.35603566 0
7.85 -4.0283361 348.19217 0.35593774 0
7.86 -4.1633012 346.96622 0.35576818 0
7.87 -4.145461 345.7659 0.35554396 0
7.88 -4.0801544 344.94588 0.35529218 0
7.89 -4.0885229 344.76027 0.35503719 0
7.9 -4.1587123 345.1467 0.35478637 0
7.91 -4.2455776 345.96117 0.35452546 0
7.92 -4.3823246 347.02816 0.35422303 0
7.93 -4.5681274 347.78548 0.35384079 0
7.94 -4.6952332 347.50982 0.35335284 0
7.95 -4.6896773 346.0458 0.35276789 0
7.96 -4.5928223 343.81461 0.35213471 0
7.97 -4.4510838 341.41583 0.35152653 0
7.98 -4.2615123 339.62141 0.35101634 0
7.99 -4.0410044 339.11713 0.35064905 0
8 -3.8594124 339.98724 0.35042061 0
8.01 -3.8348387 341.86371 0.35027681 0
8.02 -4.0546192 344.30492 0.35012527 0
8.03 -4.404482 346.65023 0.34985003 0
8.04 -4.5802252 347.95715 0.34933658 0
8.05 -4.3477783 347.53822 0.34851056 0
8.06 -3.6979944 345.40097 0.3473677 0
8.07 -2.7986143 342.13503 0.34597259 0
8.08 -1.9287153 338.63193 0.34442925 0
8.09 -1.3357222 335.75282 0.34284214 0
8.1 -1.0189594 333.99739 0.34128263 0
8.11 -0.74221529 333.37569 0.3397678 0
8.12 -0.30543503 333.38043 0.33825979 0
8.13 0.30159493 333.20526 0.33668733 0
8.14 1.0563239 332.29613 0.33497754 0
8.15 2.0763998 330.70783 0.33308666 0
8.16 3.4828639 328.86454 0.33102576 0
8.17 5.1443903 326.97198 0.32887436 0
8.18 6.7422216 324.8448 0.32677364 0
8.19 8.0696906 322.4245 0.32490371 0
8.2 9.1068347 320.22196 0.32345301 0
8.21 9.8617648 319.07242 0.3225809 0
8.22 10.234741 319.53461 0.32237772 0
8.23 10.003754 321.59407 0.32282894 0
8.24 9.0066197 324.8036 0.32379124 0
8.25 7.3810301 328.47069 0.32499985 0
8.26 5.6087002 331.7651 0.32611773 0
8.27 4.2935326 333.98997 0.32681198 0
8.28 3.7443102 334.86724 0.32682684 0
8.29 3.7570549 334.48417 0.32602671 0
8.3 3.9297691 333.13246 0.32440682 0
8.31 4.1235663 331.14165 0.32207426 0
8.32 4.525211 328.51931 0.31920005 0
8.33 5.3724433 325.05199 0.31597221 0
8.34 6.6662989 321.02512 0.3125807 0
8.35 8.0613837 317.20812 0.30922008 0
8.36 9.1631265 313.93682 0.30608884 0
8.37 9.9956133 311.01808 0.30338914 0
8.38 10.875441 308.93898 0.3013216 0
8.39 11.782718 309.3325 0.30004775 0
8.4 12.175042 313.37301 0.29961654 0
8.41 11.565032 320.18882 0.29990571 0
8.42 10.123506 327.46431 0.30063805 0
8.43 8.4895664 333.17808 0.30147325 0
8.44 7.1728045 336.65932 0.30211435 0
8.45 6.4038372 338.54551 0.3023715 0
8.46 6.2816676 339.95197 0.30217261 0
8.47 6.7827852 341.5648 0.30153501 0
8.48 7.6328521 343.17975 0.30052136 0
8.49 8.3271643 343.82326 0.29921079 0
8.5 8.6376725 342.52366 0.29770118 0
8.51 9.0876894 339.26106 0.29612929 0
8.52 10.441171 335.37045 0.29467916 0
8.53 12.557335 332.78445 0.29354813 0
8.54 14.271402 332.38626 0.29287249 0
8.55 14.769015 333.31869 0.29266679 0
8.56 14.430563 334.13041 0.29282833 0
8.57 13.96845 334.09665 0.29319454 0
8.58 13.515026 333.23278 0.29360002 0
8.59 12.906767 331.76635 0.29390797 0
8.6 12.253829 329.98016 0.29402938 0
8.61 11.867767 327.96539 0.2939439 0
8.62 11.912986 325.53877 0.29372092 0
8.63 12.215234 322.82963 0.29352041 0
8.64 12.292174 320.58051 0.29354222 0
8.65 11.780532 319.93278 0.29393063 0
8.66 10.702556 322.08805 0.29468199 0
8.67 9.1218887 327.09979 0.29559799 0
8.68 7.1199477 332.72034 0.29632263 0
8.69 5.2837976 335.77768 0.29648552 0
8.7 4.5226065 335.15109 0.29589136 0
8.71 5.1520448 332.53652 0.29462584 0
8.72 6.6193751 330.36231 0.29301196 0
8.73 8.3164436 330.24065 0.29147196 0
8.74 10.080212 333.06984 0.29038144 0
8.75 11.642004 338.81438 0.28996607 0
8.76 12.45542 346.23869 0.2902689 0
8.77 12.501414 353.90768 0.29118851 0
8.78 12.478169 361.21378 0.29254832 0
8.79 12.821106 367.99541 0.29415525 0
8.8 13.144268 373.62453 0.29583747 0
8.81 12.941502 377.31016 0.29747308 0
8.82 12.288572 379.24706 0.29901268 0
8.83 11.568079 380.35787 0.30047868 0
8.84 10.992911 381.07693 0.30194028 0
8.85 10.594296 381.65459 0.30348229 0
8.86 10.226526 382.97427 0.30516592 0
8.87 9.5206727 385.54221 0.30698303 0
8.88 8.2516574 388.1259 0.30884605 0
8.89 6.7114507 388.49095 0.31064536 0
8.9 5.4569033 385.24165 0.31233992 0
8.91 4.7750956 378.71487 0.31401015 0
8.92 4.4801779 370.70817 0.31583108 0
8.93 4.1621769 363.56106 0.31798204 0
8.94 3.5231329 359.19249 0.32054298 0
8.95 2.4821616 358.5243 0.3234287 0
8.96 1.2430664 361.15438 0.32639569 0
8.97 0.32911224 365.25574 0.32912363 0
8.98 0.19272522 368.29813 0.33133663 0
8.99 0.69455544 368.6117 0.33290546 0
9 1.231328 366.04594 0.33387589 0
9.01 1.4387424 361.19324 0.33442511 0
9.02 1.6066672 355.23531 0.33480338 0
9.03 2.2760639 350.20175 0.33528641 0
9.04 3.4582535 347.60337 0.33611493 0
9.05 4.4702008 347.04948 0.33742914 0
9.06 4.5437012 347.30932 0.33923902 0
9.07 3.3862279 348.01786 0.34143743 0
9.08 1.2966827 349.49322 0.34383364 0
9.09 -1.0144735 351.97916 0.34619787 0
9.1 -2.763907 355.87365 0.34831238 0
9.11 -3.4570774 361.18151 0.35001725 0
9.12 -3.1942625 366.32437 0.35123946 0
9.13 -2.6288688 369.33349 0.3520026 0
9.14 -2.343965 370.14506 0.35241508 0
9.15 -2.3087696 370.25748 0.35263291 0
9.16 -2.2231254 370.61003 0.35281104 0
9.17 -2.216016 371.02319 0.35306702 0
9.18 -2.7027833 371.25042 0.35346221 0
9.19 -3.6464388 371.41115 0.35399846 0
9.2 -4.4726705 371.56374 0.35463319 0
9.21 -4.7022476 371.32468 0.35530277 0
9.22 -4.4448784 370.12803 0.35594048 0
9.23 -4.3486915 368.1819 0.35648621 0
9.24 -4.9437235 366.60887 0.35688434 0
9.25 -5.8066771 366.23019 0.35708201 0
9.26 -5.7566165 366.67783 0.35705032 0
9.27 -4.2467047 366.8675 0.35681577 0
9.28 -2.0977063 366.16165 0.35646584 0
9.29 -0.54498586 364.68407 0.35611853 0
9.3 -0.050347322 362.7037 0.3558764 0
9.31 -0.31329104 360.72357 0.35579355 0
9.32 -0.92002806 359.69616 0.35586795 0
9.33 -1.4432296 359.88768 0.35605255 0
9.34 -1.2724888 359.98953 0.35628291 0
9.35 -0.14049141 358.36736 0.35652006 0
9.36 1.2438019 355.32293 0.35678254 0
9.37 1.714398 353.3261 0.35713506 0
9.38 0.8342024 354.31909 0.35763487 0
9.39 -0.76560412 357.59047 0.35828121 0
9.4 -2.1515916 360.88535 0.35901413 0
9.41 -2.8696429 362.54635 0.35975759 0
9.42 -2.9519703 362.14208 0.36046304 0
9.43 -2.4887257 360.32124 0.36112617 0
9.44 -1.5175064 358.77041 0.36177619 0
9.45 -0.37650035 359.40833 0.36244272 0
9.46 0.1750749 363.07484 0.36311767 0
9.47 -0.40808871 368.90857 0.36373883 0
9.48 -1.7827019 374.60723 0.36420696 0
9.49 -2.9940738 377.90483 0.36442947 0
9.5 -3.2913129 378.41263 0.36436703 0
9.51 -2.4247935 377.30412 0.36405179 0
9.52 -0.47229052 375.44199 0.36357104 0
9.53 2.221217 373.16027 0.36303955 0
9.54 5.0130553 371.48354 0.36257177 0
9.55 7.0993606 371.62572 0.36224658 0
9.56 7.8776513 373.0221 0.36207617 0
9.57 7.3312863 373.60247 0.36200565 0
9.58 6.0165685 372.03925 0.36194433 0
9.59 4.6353751 368.23104 0.36180223 0
9.6 3.685365 362.48642 0.36151761 0
9.61 3.3867527 355.70348 0.36107499 0
9.62 3.6679778 349.46732 0.36050543 0
9.63 4.1706001 345.23887 0.35986261 0
9.64 4.4195083 343.52458 0.35918873 0
9.65 4.1111316 343.38654 0.35849677 0
9.66 3.269237 342.91775 0.35778291 0
9.67 2.1408035 340.7712 0.35705502 0
9.68 1.0399736 337.01262 0.35635001 0
9.69 0.36234206 332.62735 0.35572856 0
9.7 0.58835283 328.8609 0.35525812 0
9.71 1.9420319 326.55571 0.35499685 0
9.72 3.8939443 325.59115 0.3549812 0
9.73 5.2418244 325.41444 0.35521635 0
9.74 5.017055 325.65744 0.35567151 0
9.75 3.3090633 325.59205 0.35628716 0
9.76 1.0472189 324.13473 0.35699582 0
9.77 -0.87706307 321.32401 0.35774309 0
9.78 -2.0882554 318.68989 0.35849584 0
9.79 -2.5741043 317.38878 0.35923564 0
9.8 -2.4669989 317.02692 0.35995002 0
9.81 -2.0870149 316.7927 0.36063458 0
9.82 -1.933159 316.58394 0.36129594 0
9.83 -2.3479401 316.56009 0.36193989 0
9.84 -3.2037551 316.62808 0.36255573 0
9.85 -3.9711429 316.84164 0.36311501 0
9.86 -4.0083341 317.5949 0.36358619 0
9.87 -2.9394902 319.12093 0.36395912 0
9.88 -1.1177347 321.35035 0.36426329 0
9.89 0.33379717 324.25719 0.36455444 0
9.9 0.35604064 327.59967 0.36487313 0
9.91 -1.0804747 330.42148 0.36521282 0
9.92 -3.0698542 331.46982 0.36552473 0
9.93 -4.6965085 330.29821 0.36575396 0
9.94 -5.4473581 327.91284 0.36587942 0
9.95 -5.012048 325.87874 0.36592753 0
9.96 -3.5711189 324.87232 0.36595448 0
9.97 -2.2642458 325.13195 0.36601513 0
9.98 -2.4837862 327.49797 0.36613196 0
9.99 -4.4463757 331.99458 0.3662757 0
10 -6.9398246 336.43827 0.36637932 0
10.01 -8.5728235 338.6523 0.36638356 0
10.02 -8.8454052 339.09373 0.36627727 0
10.03 -7.9800726 339.69902 0.36610308 0
10.04 -6.2968012 341.12847 0.36593486 0
10.05 -4.1087964 342.4452 0.36585463 0
10.06 -1.9946027 342.86148 0.36594217 0
10.07 -0.792538 342.58965 0.36626262 0
10.08 -1.1134056 342.22646 0.36684115 0
10.09 -2.8206978 342.19815 0.36763995 0
10.1 -5.0620314 342.52892 0.36856344 0
10.11 -6.8245064 342.61305 0.36949736 0
10.12 -7.5102868 341.4438 0.37035618 0
10.13 -7.1573188 338.48077 0.3711122 0
10.14 -6.2003498 334.58149 0.37179483 0
10.15 -5.1014471 331.66653 0.3724608 0
10.16 -4.2883656 330.97412 0.37315824 0
10.17 -4.2120663 332.31083 0.37390973 0
10.18 -5.1430804 335.01343 0.37471341 0
10.19 -6.8739618 338.3562 0.37554967 0
10.2 -8.7155543 341.03015 0.37639164 0
10.21 -9.8961716 341.42578 0.37722506 0
10.22 -10.068383 338.87376 0.37807028 0
10.23 -9.4540252 334.39253 0.37898987 0
10.24 -8.5804821 330.33938 0.38007436 0
10.25 -7.9911281 329.17581 0.38140653 0
10.26 -8.0943878 331.53587 0.38301969 0
10.27 -9.0430787 335.4696 0.38487835 0
10.28 -10.695576 338.1894 0.3868925 0
10.29 -12.786719 338.11359 0.38894459 0
10.3 -15.089761 335.43098 0.39090592 0
10.31 -17.223464 331.61707 0.39264756 0
10.32 -18.400489 328.36262 0.39406042 0
10.33 -17.801542 326.5568 0.39508194 0
10.34 -15.36824 326.03138 0.39571576 0
10.35 -12.03636 326.37871 0.39602803 0
10.36 -9.1723607 328.04429 0.39611609 0
10.37 -7.8361627 331.75296 0.39607184 0
10.38 -8.253894 337.00184 0.39596126 0
10.39 -9.6513686 342.25851 0.39581967 0
10.4 -10.774101 346.47127 0.39565672 0
10.41 -10.81872 349.9536 0.39546679 0
10.42 -9.7841348 353.74991 0.39523875 0
10.43 -8.0794034 357.98674 0.39496642 0
10.44 -6.1839922 361.31474 0.39466026 0
10.45 -4.5923887 362.20884 0.39435106 0
10.46 -3.7576875 360.56725 0.39407884 0
10.47 -3.9814938 358.17332 0.39387048 0
10.48 -5.1780409 357.21966 0.39371788 0
10.49 -6.6635778 358.09596 0.39357501 0
10.5 -7.4993376 359.42205 0.39337867 0
10.51 -7.2314705 360.23408 0.39307856 0
10.52 -6.1136409 361.18058 0.39265894 0
10.53 -4.6362937 363.33747 0.39214237 0
10.54 -3.1728755 366.34846 0.39157643 0
10.55 -2.1074399 368.62458 0.39101481 0
10.56 -1.9274482 369.19314 0.39050528 0
10.57 -2.9236464 368.08875 0.39008187 0
10.58 -4.8295794 365.52552 0.38975234 0
10.59 -6.8815001 361.91247 0.3894915 0
10.6 -8.3282199 358.04142 0.38925559 0
10.61 -8.8965828 354.73008 0.3890042 0
10.62 -8.7860332 352.43424 0.38871043 0
10.63 -8.3728585 351.04863 0.38836462 0
10.64 -7.986884 350.01783 0.38797484 0
10.65 -7.8450447 348.57447 0.38755747 0
10.66 -8.0462001 346.07475 0.38712556 0
10.67 -8.5213263 342.33453 0.38668413 0
10.68 -9.0068908 337.60911 0.38623182 0
10.69 -9.1323482 332.81321 0.38576916 0
10.7 -8.5744414 329.68302 0.38530722 0
10.71 -7.2744295 329.57611 0.3848649 0
10.72 -5.5972706 332.08784 0.38445623 0
10.73 -4.191103 335.49339 0.38408195 0
10.74 -3.6253173 338.21534 0.3837315 0
10.75 -4.0905893 339.44784 0.38338932 0
10.76 -5.309519 339.02481 0.38304042 0
10.77 -6.6825003 337.44533 0.38267622 0
10.78 -7.5911989 335.53096 0.38230107 0
10.79 -7.716412 333.69765 0.38193784 0
10.8 -7.1935548 332.20016 0.38162625 0
10.81 -6.4796716 331.58419 0.38140847 0
10.82 -6.056952 332.00959 0.38130546 0
10.83 -6.2343527 332.90667 0.381298 0
10.84 -7.0702113 333.66094 0.38132455 0
10.85 -8.2938725 333.99329 0.38129856 0
10.86 -9.3581843 333.9092 0.38113876 0
10.87 -9.7737484 333.61292 0.38079747 0
10.88 -9.4536837 333.40491 0.38027148 0
10.89 -8.6724075 333.71805 0.37959102 0
10.9 -7.7318157 334.92517 0.37879705 0
10.91 -6.7603821 336.93006 0.37792461 0
10.92 -5.7626497 339.18503 0.37700001 0
10.93 -4.7691184 341.17567 0.37604148 0
10.94 -3.9013739 342.78681 0.3750545 0
10.95 -3.2501866 344.0309 0.37402839 0
10.96 -2.7711802 344.64984 0.37294284 0
10.97 -2.3414885 344.40052 0.37178186 0
10.98 -1.8314487 343.52378 0.3705488 0
10.99 -1.1591425 342.60032 0.3692697 0
11 -0.33900611 342.07143 0.36797944 0
11.01 0.54095902 341.97769 0.36670527 0
11.02 1.3535906 342.07043 0.36546189 0
11.03 1.9730176 342.17176 0.36425305 0
11.04 2.3740151 342.35653 0.36307012 0
11.05 2.6423439 342.72061 0.361892 0
11.06 2.8377939 342.98992 0.36069539 0
11.07 2.9400446 342.60973 0.35947138 0
11.08 2.9748997 341.50557 0.35823633 0
11.09 3.0882833 340.27957 0.35702884 0
11.1 3.413469 339.33343 0.35589429 0
11.11 3.9375606 338.45666 0.35486851 0
11.12 4.5156537 337.47947 0.35396949 0
11.13 4.9057201 336.64216 0.35319371 0
11.14 4.8791739 336.05348 0.35251415 0
11.15 4.4801578 335.42332 0.35188587 0
11.16 4.0664973 334.67992 0.35126257 0
11.17 3.9613179 334.17789 0.35061661 0
11.18 4.1869534 333.99824 0.3499484 0
11.19 4.576609 333.72908 0.34927976 0
11.2 4.9512568 333.11535 0.34864065 0
11.21 5.1354367 332.28392 0.34805645 0
11.22 4.9878418 331.32999 0.34753641 0
11.23 4.4808534 330.2758 0.34706683 0
11.24 3.7149246 329.25656 0.34661326 0
11.25 2.9210826 328.4715 0.34613432 0
11.26 2.3484281 328.11123 0.34560011 0
11.27 2.0142042 328.10214 0.34499948 0
11.28 1.7340788 328.04503 0.34433518 0
11.29 1.4533557 327.74692 0.34361869 0
11.3 1.3507191 327.48555 0.34286984 0
11.31 1.6009491 327.73758 0.34211963 0
11.32 2.1667326 328.92911 0.34140866 0
11.33 2.8533256 331.32552 0.34077378 0
11.34 3.4822592 334.97814 0.34023018 0
11.35 3.9223468 339.60692 0.33975991 0
11.36 4.0430071 344.52323 0.33930749 0
11.37 3.7968891 348.85547 0.33878863 0
11.38 3.2959452 351.91137 0.33811767 0
11.39 2.690561 353.49796 0.33723774 0
11.4 2.0540047 354.02893 0.33613504 0
11.41 1.4886123 354.10065 0.33483795 0
11.42 1.1956515 353.90837 0.33340845 0
11.43 1.2378035 353.22859 0.33192802 0
11.44 1.3503353 351.89011 0.33047984 0
11.45 1.2149764 350.12315 0.32913288 0
11.46 0.80675679 348.42293 0.32793095 0
11.47 0.30390341 347.02022 0.3268834 0
11.48 -0.12667019 345.74731 0.32596496 0
11.49 -0.3081669 344.66422 0.32513427 0
11.5 -0.070305852 344.17468 0.32435305 0
11.51 0.57923508 344.26406 0.32359142 0
11.52 1.4669474 344.46667 0.32283409 0
11.53 2.4787808 344.55389 0.32209262 0
11.54 3.6609598 344.50844 0.32141212 0
11.55 5.1212443 344.3016 0.32087293 0
11.56 6.8013601 344.17072 0.32058322 0
11.57 8.2511661 344.41531 0.32064588 0
11.58 8.8578423 344.90485 0.32111339 0
11.59 8.4428564 345.42953 0.32196663 0
11.6 7.3349623 346.0457 0.32312126 0
11.61 5.8915724 346.55031 0.32444457 0
11.62 4.3434093 346.22926 0.32578425 0
11.63 2.9703415 344.56837 0.32701337 0
11.64 2.0170315 341.92002 0.32806803 0
11.65 1.4400418 339.11265 0.32894768 0
11.66 0.95402129 336.53129 0.32968487 0
11.67 0.36308197 333.95447 0.33031825 0
11.68 -0.27585215 331.12539 0.33088547 0
11.69 -0.8121622 328.15985 0.33142856 0
11.7 -1.1749632 325.47565 0.33199859 0
11.71 -1.3774006 323.30919 0.33265124 0
11.72 -1.4732727 321.41361 0.33343691 0
11.73 -1.5511779 319.4808 0.33439193 0
11.74 -1.6889093 317.48602 0.33552976 0
11.75 -1.8871767 315.58283 0.33683678 0
11.76 -2.1138783 314.05024 0.33827728 0
11.77 -2.3979272 312.92494 0.33979781 0
11.78 -2.7971762 311.71692 0.3413286 0
11.79 -3.2950283 310.05882 0.3427927 0
11.8 -3.8113128 308.21471 0.34412494 0
11.81 -4.2412487 306.79118 0.34529165 0
11.82 -4.3866157 306.35699 0.34630234 0
11.83 -4.0265344 307.08015 0.34720624 0
11.84 -3.2167989 308.71863 0.34807276 0
11.85 -2.3701279 311.116 0.34896213 0
11.86 -1.9075898 314.19597 0.34989894 0
11.87 -1.8728286 317.52721 0.35086516 0
11.88 -1.965956 320.50208 0.35181735 0
11.89 -1.973439 322.77111 0.35270685 0
11.9 -2.0085406 324.26111 0.35348786 0
11.91 -2.2491757 325.17441 0.35412132 0
11.92 -2.6803874 325.82546 0.35457961 0
11.93 -3.1989476 326.24431 0.35485259 0
11.94 -3.7216655 326.37379 0.35495641 0
11.95 -4.1355084 326.2826 0.35493393 0
11.96 -4.3758645 325.89665 0.35483998 0
11.97 -4.5388678 325.20092 0.354724 0
11.98 -4.7507334 324.4463 0.35462201 0
11.99 -4.9845218 323.82378 0.35455531 0
12 -5.0615534 323.50927 0.35453147 0
12.01 -4.8412712 323.7315 0.35454798 0
12.02 -4.4224247 324.29994 0.35459946 0
12.03 -4.0306727 324.77232 0.35468844 0
12.04 -3.7420506 325.21352 0.35483525 0
12.05 -3.5045082 325.84638 0.3550749 0
12.06 -3.2972973 326.32296 0.35543616 0
12.07 -3.1233087 326.20192 0.3559172 0
12.08 -3.0082491 325.4735 0.35647236 0
12.09 -3.0211488 324.33264 0.35701509 0
12.1 -3.1897454 323.13124 0.35744392 0
12.11 -3.4447006 322.28708 0.35768366 0
12.12 -3.6276616 321.61169 0.35771532 0
12.13 -3.5740632 320.25687 0.35757886 0
12.14 -3.2740138 317.85447 0.35735369 0
12.15 -2.861135 314.9673 0.35712713 0
12.16 -2.4146333 312.12977 0.35696096 0
12.17 -1.8793255 309.43416 0.35687184 0
12.18 -1.2482201 307.15087 0.3568375 0
12.19 -0.74766441 305.80153 0.35682059 0
12.2 -0.62333245 305.59678 0.35679483 0
12.21 -0.80979178 306.29241 0.35676695 0
12.22 -1.0494558 307.44645 0.35678934 0
12.23 -1.164336 308.67026 0.35695562 0
12.24 -1.0635923 309.79877 0.35738113 0
12.25 -0.75314213 310.87936 0.35817867 0
12.26 -0.41933654 312.03207 0.3594332 0
12.27 -0.31055142 313.33259 0.36117612 0
12.28 -0.54712606 314.82308 0.36336886 0
12.29 -1.1366952 316.59519 0.36590568 0
12.3 -2.0506307 318.75382 0.368634 0
12.31 -3.1526388 321.41487 0.37138493 0
12.32 -4.1645988 324.74715 0.37400448 0
12.33 -4.8682568 328.76209 0.37637561 0
12.34 -5.2709262 333.00062 0.37842676 0
12.35 -5.4451863 336.6827 0.38013053 0
12.36 -5.3595333 339.39292 0.38150298 0
12.37 -5.028226 341.33524 0.38260487 0
12.38 -4.6307328 342.90048 0.38353404 0
12.39 -4.3324275 344.47388 0.38440668 0
12.4 -4.1212014 346.38936 0.38533487 0
12.41 -3.9226703 348.66101 0.38640705 0
12.42 -3.8608827 351.00035 0.38767531 0
12.43 -4.2368177 353.11406 0.38914327 0
12.44 -5.1563711 354.99641 0.39075108 0
12.45 -6.3780271 357.05277 0.39237839 0
12.46 -7.5293766 359.55146 0.39388252 0
12.47 -8.3450361 361.87583 0.39514794 0
12.48 -8.7853086 362.93628 0.39611195 0
12.49 -8.9576428 362.47631 0.3967606 0
12.5 -8.9625879 361.57451 0.39710992 0
12.51 -8.8592457 361.76233 0.39718726 0
12.52 -8.6574707 363.7134 0.39702192 0
12.53 -8.3576439 366.80502 0.39664478 0
12.54 -8.0187737 369.96541 0.39609147 0
12.55 -7.6453248 372.59885 0.39540662 0
12.56 -7.1313484 374.56331 0.39465105 0
12.57 -6.4876797 375.82261 0.39390576 0
12.58 -5.935244 376.41603 0.39326417 0
12.59 -5.6882855 376.43956 0.39281245 0
12.6 -5.8151397 375.76952 0.39260395 0
12.61 -6.3100842 374.26231 0.39263773 0
12.62 -7.133066 372.53297 0.39285463 0
12.63 -8.1094859 371.65104 0.39315706 0
12.64 -8.9059552 371.73525 0.39344181 0
12.65 -9.2740886 371.66686 0.39362503 0
12.66 -9.2856165 370.39486 0.39364657 0
12.67 -9.1979612 368.0074 0.39345897 0
12.68 -9.1466387 365.43342 0.39301554 0
12.69 -9.0593297 363.5817 0.39226839 0
12.7 -8.7945866 362.88739 0.39118093 0
12.71 -8.2425584 363.23646 0.38974934 0
12.72 -7.3241528 364.11494 0.38802121 0
12.73 -6.0858515 364.851 0.38610044 0
12.74 -4.8233743 364.84143 0.3841282 0
12.75 -3.8969882 363.82412 0.38224101 0
12.76 -3.3862262 361.95068 0.38053071 0
12.77 -3.1022196 359.60909 0.37902939 0
12.78 -2.910117 357.27146 0.37771454 0
12.79 -2.8392283 355.26124 0.37652076 0
12.8 -2.8881257 353.41091 0.37535956 0
12.81 -2.9154799 351.15887 0.37414791 0
12.82 -2.7814887 348.25857 0.37283035 0
12.83 -2.4755832 345.1719 0.37138565 0
12.84 -2.0604954 342.60976 0.3698262 0
12.85 -1.6036235 340.91053 0.36819582 0
12.86 -1.2053297 339.89532 0.36656196 0
12.87 -0.99310889 339.34425 0.36500034 0
12.88 -1.0085935 339.46268 0.36357589 0
12.89 -1.1402299 340.5593 0.36232692 0
12.9 -1.2423813 342.58374 0.36126036 0
12.91 -1.2857031 345.22757 0.36035883 0
12.92 -1.3184009 348.16623 0.3595891 0
12.93 -1.3433309 351.06234 0.35890589 0
12.94 -1.3203101 353.4576 0.35825688 0
12.95 -1.2353768 354.8814 0.35759361 0
12.96 -1.0842115 355.14868 0.35688492 0
12.97 -0.81301453 354.47655 0.35612433 0
12.98 -0.36846601 353.23102 0.35532542 0
12.99 0.19660506 351.62117 0.35451005 0
13 0.77232031 349.90123 0.35370144 0
13.01 1.3213645 348.58939 0.35292669 0
13.02 1.8410039 347.99158 0.35221967 0
13.03 2.2293455 347.84472 0.35161364 0
13.04 2.3171483 347.80619 0.35112685 0
13.05 2.0672999 347.9844 0.35075155 0
13.06 1.6548821 348.62556 0.35045251 0
13.07 1.2898594 349.56729 0.35017849 0
13.08 1.0411142 350.47495 0.34988272 0
13.09 0.88048471 351.30654 0.34953711 0
13.1 0.79804068 352.13995 0.3491336 0
13.11 0.82073755 352.87116 0.34868273 0
13.12 0.96601399 353.32115 0.34821739 0
13.13 1.1671948 353.38852 0.34779345 0
13.14 1.2353536 353.07241 0.34747527 0
13.15 0.98334864 352.56021 0.34731125 0
13.16 0.43460803 352.20169 0.34731355 0
13.17 -0.14971877 352.2561 0.34745214 0
13.18 -0.50531981 352.72768 0.34766996 0
13.19 -0.60000399 353.44409 0.34791063 0
13.2 -0.58348725 354.19622 0.3481361 0
13.21 -0.55283373 354.74534 0.34832744 0
13.22 -0.49134852 354.83777 0.34848152 0
13.23 -0.40079595 354.45378 0.3486126 0
13.24 -0.33001669 353.95316 0.34875359 0
13.25 -0.31338753 353.72468 0.34894612 0
13.26 -0.37900965 353.81039 0.34921993 0
13.27 -0.53184211 354.02765 0.34957823 0
13.28 -0.72260276 354.22382 0.35000186 0
13.29 -0.90421191 354.3017 0.35046555 0
13.3 -1.0613908 354.20266 0.35094964 0
13.31 -1.1824205 353.90884 0.35144037 0
13.32 -1.2804429 353.41004 0.35192644 0
13.33 -1.4038964 352.77465 0.35239904 0
13.34 -1.5774951 352.18447 0.35285302 0
13.35 -1.7858217 351.77111 0.35328585 0
13.36 -2.0102718 351.55615 0.35369475 0
13.37 -2.2237593 351.46586 0.35407431 0
13.38 -2.3926856 351.28331 0.35441595 0
13.39 -2.5182843 350.82239 0.35471002 0
13.4 -2.6139511 350.12022 0.35495162 0
13.41 -2.6686409 349.30879 0.35514734 0
13.42 -2.7031339 348.45834 0.35531578 0
13.43 -2.790738 347.628 0.35547982 0
13.44 -2.9582787 346.9764 0.35565522 0
13.45 -3.1262454 346.68294 0.35584175 0
13.46 -3.1928967 346.76283 0.35602451 0
13.47 -3.1510808 347.0897 0.35618595 0
13.48 -3.0871598 347.46076 0.35631514 0
13.49 -3.083317 347.60992 0.35640846 0
13.5 -3.1492373 347.40842 0.35647158 0
13.51 -3.2282835 347.04192 0.35652471 0
13.52 -3.2733549 346.82576 0.35660136 0
13.53 -3.3292204 346.81577 0.35673799 0
13.54 -3.513471 346.81239 0.35695702 0
13.55 -3.9170362 346.80284 0.35724694 0
13.56 -4.5093971 347.06764 0.35755153 0
13.57 -5.1086167 347.8061 0.3577788 0
13.58 -5.4603583 348.80293 0.35782692 0
13.59 -5.3940888 349.5304 0.3576153 0
13.6 -4.9597856 349.65593 0.35710501 0
13.61 -4.3910494 349.28469 0.35630153 0
13.62 -3.8819474 348.63627 0.35524289 0
13.63 -3.4542137 347.82922 0.35397932 0
13.64 -3.063997 347.06947 0.35255443 0
13.65 -2.702138 346.59372 0.35099613 0
13.66 -2.2985143 346.32764 0.34931518 0
13.67 -1.6682165 346.04635 0.3475104 0
13.68 -0.69864425 345.75977 0.34557998 0
13.69 0.50204186 345.45453 0.34353288 0
13.7 1.7364921 344.76712 0.34139606 0
13.71 2.8864277 343.36076 0.33921611 0
13.72 3.9137106 341.36664 0.33705214 0
13.73 4.8330892 339.30995 0.33496228 0
13.74 5.6939165 337.83939 0.33299168 0
13.75 6.5211577 337.3358 0.33116606 0
13.76 7.3241632 337.49075 0.32949338 0
13.77 8.1549371 337.62906 0.32797639 0
13.78 9.0377736 337.46226 0.32662899 0
13.79 9.8407105 337.04353 0.32548081 0
13.8 10.335969 336.37639 0.32456729 0
13.81 10.382304 335.55948 0.32391542 0
13.82 9.9834046 334.8918 0.3235334 0
13.83 9.2580604 334.54374 0.32340693 0
13.84 8.3924634 334.20776 0.32349938 0
13.85 7.5012478 333.16405 0.32375387 0
13.86 6.5878197 330.99039 0.32410091 0
13.87 5.7774797 328.27188 0.32447296 0
13.88 5.3562091 326.18327 0.32482013 0
13.89 5.3288563 325.24754 0.32511624 0
13.9 5.2239271 324.99834 0.32534458 0
13.91 4.6106352 324.93326 0.32546665 0
13.92 3.6509668 325.11884 0.32540199 0
13.93 2.9848076 325.55735 0.32504863 0
13.94 3.0679986 325.5208 0.32433818 0
13.95 3.7624489 324.15644 0.32328751 0
13.96 4.7013943 321.56785 0.32201088 0
13.97 5.7512106 318.78597 0.32068867 0
13.98 6.8746081 316.86797 0.31951598 0
13.99 7.915189 316.33764 0.31865616 0
14 8.7194913 317.20613 0.31821123 0
14.01 9.151266 319.16594 0.31820832 0
14.02 8.9819826 321.82766 0.31859906 0
14.03 8.1451704 324.96423 0.31926997 0
14.04 7.0267739 328.36843 0.32006376 0
14.05 6.1175469 331.48588 0.32082018 0
14.06 5.480596 333.60212 0.32143124 0
14.07 4.8893422 334.43498 0.32187376 0
14.08 4.2987349 334.38602 0.32219525 0
14.09 3.7656028 334.06913 0.32247379 0
14.1 3.1176881 333.71753 0.32278458 0
14.11 2.1561949 333.45091 0.32318326 0
14.12 0.91316464 333.58823 0.32369341 0
14.13 -0.573173 334.12221 0.3242927 0
14.14 -2.304097 334.53806 0.32491568 0
14.15 -3.9780024 334.56611 0.32548357 0
14.16 -4.9856068 334.74435 0.32594281 0
14.17 -4.9265741 335.81844 0.32628351 0
14.18 -4.0599196 337.49564 0.32652883 0
14.19 -3.1170314 338.57522 0.32671899 0
14.2 -2.6725792 338.74511 0.32690904 0
14.21 -2.8154218 339.11235 0.32715983 0
14.22 -3.2424955 340.52201 0.32751172 0
14.23 -3.5262416 342.51175 0.32797192 0
14.24 -3.5340269 344.32447 0.32852671 0
14.25 -3.6074564 346.09591 0.32914834 0
14.26 -4.162624 348.27278 0.32977992 0
14.27 -5.2067911 350.28128 0.33032403 0
14.28 -6.3010638 350.91453 0.33067105 0
14.29 -6.8900031 349.8688 0.33075396 0
14.3 -6.6858147 347.99955 0.33057671 0
14.31 -5.8769614 346.1308 0.33019657 0
14.32 -5.0171829 344.0394 0.32968693 0
14.33 -4.5763077 340.98181 0.32911027 0
14.34 -4.5734583 336.92872 0.32851045 0
14.35 -4.752702 332.48706 0.32791576 0
14.36 -4.9039055 328.39952 0.32734826 0
14.37 -4.8166741 325.85812 0.32683139 0
14.38 -4.2803021 325.7861 0.32637324 0
14.39 -3.4109701 327.33049 0.32593733 0
14.4 -2.6866982 328.53596 0.32544813 0
14.41 -2.4266806 328.36301 0.32483805 0
14.42 -2.4096979 326.96376 0.32409139 0
14.43 -2.1344148 324.83724 0.32325465 0
14.44 -1.2920578 322.92293 0.32241518 0
14.45 0.070228742 322.72027 0.32165183 0
14.46 1.6361663 325.0519 0.32097539 0
14.47 3.0022923 328.92346 0.32031057 0
14.48 3.8759464 332.46378 0.31954694 0
14.49 4.1749216 334.89021 0.31861066 0
14.5 4.0004736 336.7167 0.31749188 0
14.51 3.5447932 338.43912 0.31622935 0
14.52 3.0370391 340.33842 0.31489717 0
14.53 2.6550044 343.10416 0.31359793 0
14.54 2.3734652 347.34543 0.31243689 0
14.55 2.0054551 352.91274 0.31148399 0
14.56 1.3691376 359.17566 0.31074707 0
14.57 0.39409721 365.38501 0.31016645 0
14.58 -0.69010147 370.88312 0.30963164 0
14.59 -1.3885523 375.33854 0.30901044 0
14.6 -1.4776458 378.63994 0.30817726 0
14.61 -1.234177 380.61775 0.30703632 0
14.62 -0.93908764 380.95681 0.3055415 0
14.63 -0.57909 379.41894 0.30371242 0
14.64 -0.18247274 376.12912 0.30163515 0
14.65 -0.0039065255 371.48479 0.29944037 0
14.66 -0.14932006 366.03399 0.29727707 0
14.67 -0.34348823 360.59794 0.29529917 0
14.68 -0.30732828 355.98738 0.29365691 0
14.69 -0.12231025 352.44105 0.29248298 0
14.7 -0.045025912 349.74407 0.29187517 0
14.71 -0.24736211 347.75373 0.29187502 0
14.72 -0.86685161 346.42826 0.29244327 0
14.73 -1.9316358 345.56523 0.2934484 0
14.74 -3.1673182 344.81064 0.29468643 0
14.75 -4.1622438 343.73619 0.29593174 0
14.76 -4.6245457 341.88717 0.29700089 0
14.77 -4.4253797 339.10729 0.29780303 0
14.78 -3.650545 335.68955 0.29835221 0
14.79 -2.6020672 332.04445 0.29874071 0
14.8 -1.5864555 328.53646 0.29909575 0
14.81 -0.72679052 325.41399 0.29953562 0
14.82 -0.032927583 322.56317 0.30013424 0
14.83 0.46476981 319.7381 0.30090781 0
14.84 0.79519477 317.04187 0.30182874 0
14.85 1.1376131 314.7712 0.30285934 0
14.86 1.6789254 313.00763 0.30398673 0
14.87 2.4159367 311.58439 0.30523748 0
14.88 3.1107849 310.25955 0.30666329 0
14.89 3.4626597 308.96457 0.30831017 0
14.9 3.3618897 307.93351 0.31019318 0
14.91 2.9317817 307.45381 0.31228627 0
14.92 2.3855481 307.59204 0.31452854 0
14.93 1.9132698 308.16381 0.31684619 0
14.94 1.6069024 308.84765 0.31917791 0
14.95 1.46105 309.5038 0.3214928 0
14.96 1.4597718 310.32249 0.32379878 0
14.97 1.5725967 311.38212 0.32613408 0
14.98 1.6626396 312.37703 0.32854672 0
14.99 1.5437771 313.13006 0.33108066 0
15 1.1642357 313.9632 0.33376836 0
15.01 0.63174728 315.28616 0.33661911 0
15.02 0.073138129 317.3048 0.33960695 0
15.03 -0.45597046 320.1956 0.34266856 0
15.04 -0.94486651 323.87652 0.34571549 0
15.05 -1.3618014 327.48536 0.34865714 0
15.06 -1.6518557 329.74433 0.35142691 0
15.07 -1.8143599 330.30112 0.35400376 0
15.08 -1.9374209 330.35104 0.35641621 0
15.09 -2.10564 331.38387 0.35872078 0
15.1 -2.3212708 333.54449 0.36096926 0
15.11 -2.5688262 335.83333 0.36319183 0
15.12 -2.8933044 337.84499 0.36540165 0
15.13 -3.3551423 340.33068 0.36760001 0
15.14 -3.9468909 343.82727 0.36977176 0
15.15 -4.6147253 347.84923 0.37188537 0
15.16 -5.339287 351.56267 0.37390589 0
15.17 -6.1200773 354.46484 0.37580823 0
15.18 -6.8885492 356.54931 0.37757875 0
15.19 -7.5316001 358.17545 0.37920991 0
15.2 -8.0343541 359.66202 0.38069902 0
15.21 -8.5163863 360.96499 0.38204926 0
15.22 -9.1160077 361.81283 0.38326674 0
15.23 -9.9286523 362.13736 0.38435622 0
15.24 -11.060025 362.34096 0.38532054 0
15.25 -12.659916 363.17362 0.3861602 0
15.26 -14.815676 365.31988 0.38686826 0
15.27 -17.38028 368.8937 0.3874196 0
15.28 -19.918968 373.23102 0.38776272 0
15.29 -21.820489 377.26384 0.38782854 0
15.3 -22.533124 380.08842 0.38755695 0
15.31 -21.838979 381.24794 0.38692505 0
15.32 -19.969347 380.78414 0.38596238 0
15.33 -17.446459 379.19954 0.38474721 0
15.34 -14.83364 377.23435 0.38338308 0
15.35 -12.582732 375.47495 0.38196166 0
15.36 -10.90901 374.0887 0.38053023 0
15.37 -9.7073384 372.89233 0.37908443 0
15.38 -8.6729736 371.62564 0.37758929 0
15.39 -7.5604186 370.19713 0.37601486 0
15.4 -6.3594666 368.81002 0.37436725 0
15.41 -5.2790171 367.89929 0.37269354 0
15.42 -4.5383569 367.93278 0.37106003 0
15.43 -4.1704737 369.22199 0.3695298 0
15.44 -4.0934121 371.70332 0.36815086 0
15.45 -4.2898469 374.88992 0.36694443 0
15.46 -4.7815791 378.1827 0.3658946 0
15.47 -5.4891525 381.07559 0.36495062 0
15.48 -6.2437157 383.19775 0.36404703 0
15.49 -6.9349163 384.62188 0.36313537 0
15.5 -7.5510093 385.85985 0.36220697 0
15.51 -8.0742388 387.28772 0.36128995 0
15.52 -8.4452013 389.04321 0.36042568 0
15.53 -8.6259988 391.17773 0.35964406 0
15.54 -8.6316705 393.23135 0.35895154 0
15.55 -8.5144539 394.26866 0.35833393 0
15.56 -8.310886 393.90133 0.35776644 0
15.57 -7.9698781 392.7845 0.35722353 0
15.58 -7.3930508 391.94373 0.35668542 0
15.59 -6.5814769 391.95271 0.35614119 0
15.6 -5.6492943 392.64515 0.35559126 0
