14	13	0	16	3
1	0.497	0.284	2	7	0.5	Trunk
2	0.081	0.495	2	1	0.5	Head
3	0.028	0.322	2	3	0.436	Right-arm
4	0.016	0.303	3	4	0.430	Right-forearm
5	0.028	0.322	2	5	0.436	Left-arm
6	0.016	0.303	5	6	0.430	Left-forearm
7	0.1	0.323	7	8	0.433	Right-thigh
8	0.0465	0.302	8	9	0.433	Right-leg
9	0.0145	0.475	9	10	0.5	Right-foot
10	0.00483	0.475	10	11	0.5	Right-phalanges
11	0.1	0.323	7	12	0.433	Left-thigh
12	0.0465	0.302	12	13	0.433	Left-leg
13	0.0145	0.475	13	14	0.5	Left-foot
14	0.00483	0.475	14	15	0.5	Left-phalanges
1	1	2	-0.5	0	-0.5	0
2	1	3	-0.5	0	-0.436	0
3	3	4	0.564	0	-0.430	0
4	1	5	-0.5	0	-0.436	0
5	5	6	0.564	0	-0.430	0
6	1	7	0.5     0	-0.433	0
7	7	8	0.567	0	-0.433	0
8	8	9	0.567	0	-0.5	0
9	9	10	0.5     0	-0.5	0
10	1	11	0.5     0	-0.433	0
11	11	12	0.567	0	-0.433	0
12	12	13	0.567	0	-0.5	0
13	13	14	0.5     0	-0.5	0
1	3	1	3	2	3	1
2	3	1	3	3	3	2
3	3	3	3	4	3	3
4	3	1	3	5	3	4
5	3	5	3	6	3	5
6	3	1	3	7	3	6
7	3	7	3	8	3	7
8	3	8	3	9	3	8
9	3	9	3	10	3	9
10	3	1	3	11	3	10
11	3	11	3	12	3	11
12	3	12	3	13	3	12
13	3	13	3	14	3	13
14	1	1	1	0	0	14
15	1	1	2	0	0	15
16	1	1	3	0	0	16
1	13	14	0.5	0	-0.5	0	100
2	9	10	0.5	0	-0.5	0	200
3	13	14	0.5	0	-0.5	0	300